23 0 0 1 2 3 4 5 6 7 0
23 0 0 0 1 3 4 5 2 6 7
23 0 0 1 3 0 4 5 2 6 7
23 0 0 1 2 0 7 5 6 3 4
22 0 0 7 2 3 0 5 6 4 1
21 0 0 5 2 3 7 0 6 4 1
21 0 0 2 0 3 7 5 6 4 1
18 0 0 0 2 3 7 5 6 4 1
17 0 0 1 2 3 7 0 6 4 5
16 0 0 1 2 3 0 5 6 4 7
23 0 0 1 2 3 7 5 6 4 0
23 0 0 0 1 3 7 5 2 6 4
23 0 0 1 3 0 7 5 2 6 4
23 0 0 2 5 3 7 4 0 6 1
23 0 0 2 3 0 7 4 5 6 1
23 0 0 4 2 6 3 7 5 0 1
23 0 0 4 0 2 3 7 5 6 1
23 0 0 1 0 3 4 7 2 5 6
23 0 0 1 2 0 3 6 7 5 4
22 0 0 2 7 3 4 6 0 5 1
22 0 0 2 3 0 4 6 7 5 1
20 0 0 4 2 3 0 6 7 5 1
19 0 0 6 2 3 4 0 7 5 1
19 0 0 2 0 3 4 6 7 5 1
16 0 0 0 2 3 4 6 7 5 1
14 0 0 1 2 3 0 6 7 5 4
14 0 0 1 2 3 4 6 7 0 5
23 0 0 1 2 3 4 6 7 5 0
23 0 0 2 0 3 4 1 7 5 6
22 0 0 0 2 3 4 1 7 5 6
23 0 0 1 2 3 4 0 7 5 6
23 0 0 1 0 2 4 7 5 3 6
23 0 0 1 2 4 0 7 5 3 6
23 0 0 0 2 4 1 7 5 6 3
23 0 0 3 2 4 0 7 5 6 1
23 0 0 0 2 6 1 7 5 4 3
23 0 0 2 5 6 3 7 0 4 1
23 0 0 2 6 0 3 7 5 4 1
23 0 0 7 1 2 6 0 5 4 3
23 0 0 1 0 6 3 7 2 5 4
23 0 0 1 7 2 6 4 0 5 3
23 0 0 0 1 2 6 4 7 5 3
22 0 0 1 2 5 6 4 7 0 3
22 0 0 1 0 2 6 4 7 5 3
23 0 0 1 2 0 6 4 7 5 3
22 0 0 3 2 6 0 4 7 5 1
21 0 0 4 2 6 3 0 7 5 1
21 0 0 2 0 6 3 4 7 5 1
18 0 0 0 2 6 3 4 7 5 1
16 0 0 1 2 6 0 4 7 5 3
16 0 0 1 2 6 3 4 7 0 5
23 0 0 1 2 6 3 4 7 5 0
23 0 0 2 0 6 3 1 7 5 4
22 0 0 0 2 6 3 1 7 5 4
23 0 0 1 2 6 3 0 7 5 4
23 0 0 7 0 2 3 5 1 6 4
23 0 0 7 1 2 3 5 6 0 4
22 0 0 7 1 2 3 5 0 6 4
22 0 0 1 2 6 3 7 0 5 4
22 0 0 1 5 2 6 7 0 4 3
22 0 0 0 1 2 6 7 5 4 3
21 0 0 1 2 4 6 7 5 0 3
21 0 0 1 0 2 6 7 5 4 3
22 0 0 1 2 0 6 7 5 4 3
21 0 0 3 2 6 0 7 5 4 1
20 0 0 7 2 6 3 0 5 4 1
20 0 0 2 0 6 3 7 5 4 1
17 0 0 0 2 6 3 7 5 4 1
16 0 0 1 2 6 3 0 5 4 7
15 0 0 1 2 6 0 7 5 4 3
22 0 0 1 2 6 3 7 5 4 0
22 0 0 7 2 4 3 0 5 6 1
22 0 0 2 0 4 3 7 5 6 1
19 0 0 0 2 4 3 7 5 6 1
18 0 0 1 2 4 3 0 5 6 7
17 0 0 1 2 4 3 7 5 0 6
22 0 0 1 2 4 3 7 5 6 0
19 0 0 1 2 6 4 7 5 0 3
19 0 0 1 2 4 0 7 5 6 3
18 0 0 1 5 2 4 7 0 6 3
18 0 0 1 2 0 4 7 5 6 3
17 0 0 7 1 2 4 0 5 6 3
17 0 0 1 0 2 4 7 5 6 3
22 0 0 0 1 2 4 7 5 6 3
22 0 0 1 2 0 4 7 5 3 6
22 0 0 1 2 3 4 7 0 5 6
22 0 0 4 2 0 3 7 5 6 1
20 0 0 2 0 3 7 4 5 6 1
17 0 0 0 2 3 7 4 5 6 1
15 0 0 1 2 3 7 4 5 0 6
22 0 0 1 2 3 7 4 5 6 0
22 0 0 4 3 1 2 0 5 6 7
21 0 0 4 3 1 0 7 5 6 2
21 0 0 4 3 1 2 7 5 0 6
22 0 0 4 3 1 2 7 5 6 0
22 0 0 1 0 3 7 5 2 6 4
22 0 0 1 2 3 7 5 6 0 4
22 0 0 2 0 3 7 1 5 6 4
22 0 0 1 0 3 4 5 2 6 7
22 0 0 1 2 3 4 5 6 0 7
22 0 0 2 0 3 4 1 5 6 7
22 0 0 4 1 6 2 7 5 0 3
22 0 0 4 0 1 2 7 5 6 3
22 0 0 1 5 0 3 7 6 2 4
22 0 0 1 5 0 2 7 6 4 3
21 0 0 3 5 2 0 7 6 4 1
20 0 0 7 5 2 3 0 6 4 1
20 0 0 5 0 2 3 7 6 4 1
17 0 0 0 5 2 3 7 6 4 1
16 0 0 1 5 2 3 0 6 4 7
15 0 0 1 5 2 0 7 6 4 3
22 0 0 1 5 2 3 7 6 4 0
22 0 0 1 5 2 0 3 7 6 4
22 0 0 3 5 2 0 1 7 6 4
22 0 0 0 5 2 1 4 7 6 3
22 0 0 5 7 2 3 4 0 6 1
22 0 0 5 2 0 3 4 7 6 1
22 0 0 1 5 6 2 4 7 0 3
22 0 0 4 1 5 2 0 7 6 3
21 0 0 1 7 5 2 4 0 6 3
21 0 0 0 1 5 2 4 7 6 3
22 0 0 1 0 5 2 4 7 6 3
21 0 0 1 5 0 2 4 7 6 3
20 0 0 3 5 2 0 4 7 6 1
19 0 0 4 5 2 3 0 7 6 1
19 0 0 5 0 2 3 4 7 6 1
16 0 0 0 5 2 3 4 7 6 1
14 0 0 1 5 2 0 4 7 6 3
14 0 0 1 5 2 3 4 7 0 6
21 0 0 1 5 2 3 4 7 6 0
21 0 0 5 0 2 3 1 7 6 4
20 0 0 0 5 2 3 1 7 6 4
21 0 0 1 5 2 3 0 7 6 4
21 0 0 1 5 2 3 7 6 0 4
21 0 0 3 1 2 7 0 5 6 4
21 0 0 4 1 0 2 7 5 6 3
21 0 0 0 2 3 4 1 5 6 7
21 0 0 1 2 3 4 5 0 6 7
21 0 0 2 5 3 1 7 0 6 4
21 0 0 2 3 0 1 7 5 6 4
21 0 0 0 2 3 7 1 5 6 4
21 0 0 1 2 3 7 5 0 6 4
21 0 0 3 5 1 2 7 0 6 4
21 0 0 2 3 1 0 7 5 6 4
20 0 0 7 3 1 2 0 5 6 4
21 0 0 0 3 1 2 7 5 6 4
20 0 0 4 2 3 1 0 5 6 7
19 0 0 4 2 3 0 7 5 6 1
19 0 0 4 2 3 1 7 5 0 6
20 0 0 4 2 3 1 7 5 6 0
20 0 0 2 3 6 4 7 5 0 1
20 0 0 2 3 4 0 7 5 6 1
20 0 0 3 1 6 2 7 5 0 4
20 0 0 3 0 1 2 7 5 6 4
13 0 0 3 1 2 4 0 5 6 7
12 0 0 3 1 2 4 7 5 0 6
19 0 0 3 1 2 4 7 5 6 0
19 0 0 3 1 0 2 7 5 6 4
18 0 0 1 2 3 7 0 5 6 4
18 0 0 7 2 3 1 0 5 6 4
18 0 0 2 0 3 1 7 5 6 4
17 0 0 0 2 3 1 7 5 6 4
17 0 0 2 5 3 4 7 0 6 1
17 0 0 2 3 0 4 7 5 6 1
15 0 0 4 2 3 0 7 5 6 1
14 0 0 7 2 3 4 0 5 6 1
14 0 0 2 0 3 4 7 5 6 1
11 0 0 0 2 3 4 7 5 6 1
10 0 0 1 2 3 4 0 5 6 7
9 0 0 1 2 3 4 7 5 0 6
16 0 0 1 2 3 4 7 5 6 0
15 0 0 4 1 2 3 0 5 6 7
14 0 0 4 1 2 0 7 5 6 3
14 0 0 4 1 2 3 7 5 0 6
15 0 0 4 1 2 3 7 5 6 0
15 0 0 1 2 6 3 7 5 0 4
15 0 0 1 2 3 0 7 5 6 4
14 0 0 3 1 2 0 7 5 6 4
14 0 0 1 5 2 3 7 0 6 4
14 0 0 1 2 0 3 7 5 6 4
13 0 0 7 1 2 3 0 5 6 4
13 0 0 1 0 2 3 7 5 6 4
0 0 0 0 1 2 3 7 5 6 4
