25 0 0 1 2 3 4 5 6 7 0
24 0 0 1 2 3 4 5 6 0 7
24 0 0 1 0 2 4 5 6 3 7
25 0 0 1 2 0 4 5 6 3 7
25 0 0 1 2 7 5 0 6 4 3
25 0 0 2 5 4 7 1 0 6 3
25 0 0 2 4 0 7 1 5 6 3
25 0 0 2 5 4 7 3 0 6 1
25 0 0 2 4 0 7 3 5 6 1
25 0 0 3 1 2 4 0 5 6 7
24 0 0 3 1 2 0 7 5 6 4
24 0 0 3 1 2 4 7 5 0 6
25 0 0 3 1 2 4 7 5 6 0
25 0 0 2 5 4 3 7 0 6 1
25 0 0 2 4 0 3 7 5 6 1
25 0 0 5 2 7 1 0 6 4 3
25 0 0 2 0 7 1 5 6 4 3
25 0 0 5 4 7 1 0 2 6 3
25 0 0 4 0 7 1 5 2 6 3
24 0 0 0 4 7 1 5 2 6 3
24 0 0 3 2 4 7 0 5 6 1
23 0 0 3 2 4 0 1 5 6 7
23 0 0 3 2 4 7 1 5 0 6
24 0 0 3 2 4 7 1 5 6 0
24 0 0 2 6 4 7 5 0 3 1
24 0 0 2 4 0 7 5 6 3 1
24 0 0 0 2 7 1 5 6 4 3
24 0 0 3 1 2 7 0 6 4 5
23 0 0 3 1 2 0 5 6 4 7
23 0 0 3 1 2 7 5 6 0 4
24 0 0 3 1 2 7 5 6 4 0
24 0 0 3 2 7 0 5 6 4 1
24 0 0 4 1 2 0 7 5 6 3
24 0 0 2 0 4 1 7 5 6 3
24 0 0 3 4 7 0 5 2 6 1
23 0 0 5 4 7 3 0 2 6 1
23 0 0 4 0 7 3 5 2 6 1
20 0 0 0 4 7 3 5 2 6 1
19 0 0 1 4 7 3 0 2 6 5
18 0 0 1 4 7 3 5 2 0 6
23 0 0 1 4 7 3 5 2 6 0
23 0 0 0 2 4 1 7 5 6 3
23 0 0 7 1 2 4 0 5 6 3
22 0 0 7 2 4 3 0 5 6 1
22 0 0 2 0 4 3 7 5 6 1
19 0 0 0 2 4 3 7 5 6 1
17 0 0 1 2 4 3 7 5 0 6
22 0 0 1 2 4 3 7 5 6 0
22 0 0 1 5 2 4 7 0 6 3
22 0 0 0 1 2 4 7 5 6 3
21 0 0 1 2 6 4 7 5 0 3
21 0 0 1 0 2 4 7 5 6 3
22 0 0 1 2 0 4 7 5 6 3
23 0 0 1 2 4 0 7 5 6 3
23 0 0 7 2 4 0 1 5 6 3
23 0 0 5 2 7 3 0 6 4 1
23 0 0 2 0 7 3 5 6 4 1
20 0 0 0 2 7 3 5 6 4 1
19 0 0 1 2 7 3 0 6 4 5
18 0 0 1 2 7 3 5 6 0 4
23 0 0 1 2 7 3 5 6 4 0
23 0 0 7 1 2 0 5 6 4 3
23 0 0 7 2 4 0 3 5 6 1
22 0 0 3 1 4 7 0 2 6 5
21 0 0 3 1 4 0 5 2 6 7
21 0 0 3 1 4 7 5 2 0 6
22 0 0 3 1 4 7 5 2 6 0
22 0 0 3 2 4 7 0 5 6 1
22 0 0 2 0 4 7 3 5 6 1
19 0 0 0 2 4 7 3 5 6 1
17 0 0 1 2 4 0 3 5 6 7
17 0 0 1 2 4 7 3 5 0 6
22 0 0 1 2 4 7 3 5 6 0
22 0 0 2 0 4 7 1 5 6 3
22 0 0 7 2 4 0 5 6 3 1
22 0 0 5 1 2 7 0 6 4 3
21 0 0 7 1 4 0 5 2 6 3
21 0 0 1 6 2 7 5 0 4 3
21 0 0 0 1 2 7 5 6 4 3
20 0 0 1 0 2 7 5 6 4 3
20 0 0 1 2 7 0 5 6 4 3
21 0 0 1 2 0 7 5 6 4 3
21 0 0 5 2 4 7 0 6 3 1
21 0 0 2 0 4 7 5 6 3 1
18 0 0 0 2 4 7 5 6 3 1
17 0 0 1 2 4 7 0 6 3 5
16 0 0 1 2 4 0 5 6 3 7
21 0 0 1 2 4 7 5 6 3 0
21 0 0 0 2 4 7 1 5 6 3
20 0 0 5 1 4 7 0 2 6 3
20 0 0 1 2 4 7 0 5 6 3
20 0 0 1 2 4 7 5 6 0 3
19 0 0 1 2 4 7 5 0 6 3
19 0 0 0 1 4 7 5 2 6 3
20 0 0 1 0 4 7 5 2 6 3
20 0 0 1 4 7 0 5 2 6 3
25 0 0 1 4 0 7 5 2 6 3
25 0 0 1 4 6 7 5 0 2 3
24 0 0 7 4 6 0 5 2 3 1
23 0 0 5 4 6 7 0 2 3 1
23 0 0 4 0 6 7 5 2 3 1
20 0 0 0 4 6 7 5 2 3 1
19 0 0 1 4 6 7 0 2 3 5
18 0 0 1 4 6 7 5 2 0 3
25 0 0 1 4 6 7 5 2 3 0
25 0 0 6 1 4 0 5 2 3 7
25 0 0 1 3 2 6 5 0 4 7
25 0 0 0 1 2 6 5 3 4 7
24 0 0 1 0 2 6 5 3 4 7
24 0 0 1 2 6 0 5 3 4 7
25 0 0 1 2 0 6 5 3 4 7
25 0 0 6 2 4 1 0 3 7 5
24 0 0 6 2 4 1 5 3 0 7
25 0 0 6 2 4 1 5 3 7 0
25 0 0 6 3 2 4 5 0 7 1
25 0 0 4 6 2 0 5 3 7 1
24 0 0 5 6 2 4 0 3 7 1
25 0 0 0 6 2 4 5 3 7 1
24 0 0 6 2 7 4 5 3 0 1
24 0 0 6 0 2 4 5 3 7 1
25 0 0 6 2 0 4 5 3 7 1
24 0 0 2 3 4 0 1 5 7 6
24 0 0 2 3 4 6 1 5 0 7
25 0 0 2 3 4 6 1 5 7 0
25 0 0 1 3 4 6 0 5 7 2
24 0 0 1 3 4 0 2 5 7 6
24 0 0 1 3 4 6 2 5 0 7
25 0 0 1 3 4 6 2 5 7 0
25 0 0 0 3 2 4 1 5 7 6
25 0 0 1 0 4 6 3 2 7 5
25 0 0 1 2 4 6 3 7 0 5
25 0 0 2 0 4 6 1 3 7 5
24 0 0 0 2 4 6 1 3 7 5
24 0 0 1 2 4 6 3 0 7 5
24 0 0 6 1 2 4 0 3 7 5
23 0 0 6 1 2 0 5 3 7 4
23 0 0 6 1 2 4 5 3 0 7
24 0 0 6 1 2 4 5 3 7 0
24 0 0 1 3 2 4 0 5 7 6
24 0 0 1 3 2 4 5 7 0 6
24 0 0 6 3 4 0 2 5 7 1
23 0 0 3 0 4 6 2 5 7 1
24 0 0 0 3 4 6 2 5 7 1
23 0 0 2 3 4 6 0 5 7 1
23 0 0 1 2 4 5 0 3 7 6
23 0 0 2 4 7 6 5 3 0 1
23 0 0 2 4 6 0 5 3 7 1
23 0 0 2 3 4 6 5 7 0 1
23 0 0 4 1 2 0 5 3 7 6
23 0 0 5 2 4 1 0 3 7 6
23 0 0 2 0 4 1 5 3 7 6
22 0 0 0 2 4 1 5 3 7 6
22 0 0 5 1 2 4 0 3 7 6
21 0 0 1 3 2 4 5 0 7 6
21 0 0 0 1 2 4 5 3 7 6
20 0 0 1 2 7 4 5 3 0 6
20 0 0 1 0 2 4 5 3 7 6
21 0 0 1 2 0 4 5 3 7 6
20 0 0 2 3 4 6 5 0 7 1
20 0 0 2 4 0 6 5 3 7 1
18 0 0 6 2 4 0 5 3 7 1
17 0 0 5 2 4 6 0 3 7 1
17 0 0 2 0 4 6 5 3 7 1
14 0 0 0 2 4 6 5 3 7 1
13 0 0 1 2 4 6 0 3 7 5
12 0 0 1 2 4 0 5 3 7 6
25 0 0 1 2 4 6 5 3 7 0
25 0 0 0 2 4 6 1 5 3 7
25 0 0 1 4 3 6 5 0 2 7
25 0 0 6 4 3 1 0 2 7 5
24 0 0 6 4 3 1 5 2 0 7
25 0 0 6 4 3 1 5 2 7 0
25 0 0 6 4 0 3 5 2 7 1
24 0 0 6 2 3 0 5 7 4 1
23 0 0 5 2 3 6 0 7 4 1
23 0 0 2 0 3 6 5 7 4 1
20 0 0 0 2 3 6 5 7 4 1
19 0 0 1 2 3 6 0 7 4 5
18 0 0 1 2 3 6 5 7 0 4
25 0 0 1 2 3 6 5 7 4 0
25 0 0 1 7 2 3 5 0 4 6
25 0 0 0 1 2 3 5 7 4 6
24 0 0 1 0 2 3 5 7 4 6
24 0 0 1 2 3 0 5 7 4 6
25 0 0 1 2 0 3 5 7 4 6
25 0 0 3 2 4 1 0 7 6 5
24 0 0 3 2 4 1 5 7 0 6
25 0 0 3 2 4 1 5 7 6 0
25 0 0 3 7 2 4 5 0 6 1
25 0 0 4 3 2 0 5 7 6 1
24 0 0 5 3 2 4 0 7 6 1
25 0 0 0 3 2 4 5 7 6 1
24 0 0 3 2 6 4 5 7 0 1
24 0 0 3 0 2 4 5 7 6 1
25 0 0 3 2 0 4 5 7 6 1
25 0 0 2 4 6 3 5 7 0 1
25 0 0 2 4 3 0 5 7 6 1
24 0 0 3 1 2 4 0 7 6 5
23 0 0 3 1 2 0 5 7 6 4
23 0 0 3 1 2 4 5 7 0 6
24 0 0 3 1 2 4 5 7 6 0
23 0 0 1 2 4 5 0 7 6 3
23 0 0 4 1 2 0 5 7 6 3
23 0 0 5 2 4 1 0 7 6 3
23 0 0 2 0 4 1 5 7 6 3
22 0 0 0 2 4 1 5 7 6 3
22 0 0 2 7 4 3 5 0 6 1
22 0 0 2 4 0 3 5 7 6 1
22 0 0 5 1 2 4 0 7 6 3
21 0 0 1 7 2 4 5 0 6 3
21 0 0 0 1 2 4 5 7 6 3
20 0 0 1 2 6 4 5 7 0 3
20 0 0 1 0 2 4 5 7 6 3
21 0 0 1 2 0 4 5 7 6 3
20 0 0 3 2 4 0 5 7 6 1
19 0 0 5 2 4 3 0 7 6 1
19 0 0 2 0 4 3 5 7 6 1
16 0 0 0 2 4 3 5 7 6 1
15 0 0 1 2 4 3 0 7 6 5
14 0 0 1 2 4 0 5 7 6 3
25 0 0 1 2 4 3 5 7 6 0
25 0 0 1 2 4 0 3 5 7 6
24 0 0 6 2 3 1 4 5 0 7
25 0 0 6 2 3 1 4 5 7 0
25 0 0 6 2 0 3 4 5 7 1
25 0 0 3 2 4 0 1 5 7 6
25 0 0 3 1 2 4 0 5 7 6
24 0 0 3 1 2 0 6 5 7 4
24 0 0 3 1 2 4 6 5 0 7
25 0 0 3 1 2 4 6 5 7 0
25 0 0 4 5 2 3 6 0 7 1
25 0 0 3 4 2 0 6 5 7 1
24 0 0 6 4 2 3 0 5 7 1
25 0 0 0 4 2 3 6 5 7 1
25 0 0 2 3 7 4 6 5 0 1
25 0 0 2 3 4 0 6 5 7 1
25 0 0 0 2 3 6 5 7 1 4
25 0 0 4 0 2 6 5 7 3 1
25 0 0 4 2 6 0 5 7 3 1
25 0 0 1 3 7 6 2 4 0 5
25 0 0 1 3 6 0 2 4 7 5
25 0 0 5 1 3 6 0 4 7 2
24 0 0 5 1 3 0 2 4 7 6
24 0 0 5 1 3 6 2 4 0 7
25 0 0 5 1 3 6 2 4 7 0
24 0 0 6 1 3 0 2 4 7 5
23 0 0 2 1 3 6 0 4 7 5
22 0 0 0 1 3 6 2 4 7 5
22 0 0 1 3 0 6 2 4 7 5
25 0 0 1 0 3 6 2 4 7 5
25 0 0 1 4 3 6 2 7 0 5
25 0 0 4 0 3 6 1 2 7 5
24 0 0 0 2 3 6 1 5 7 4
24 0 0 0 4 3 6 1 2 7 5
24 0 0 1 4 3 6 2 0 7 5
24 0 0 4 2 0 6 5 7 3 1
24 0 0 4 2 3 6 0 7 1 5
23 0 0 4 2 3 0 5 7 1 6
24 0 0 4 2 3 6 5 7 1 0
22 0 0 2 5 3 4 6 0 7 1
22 0 0 2 3 0 4 6 5 7 1
20 0 0 1 2 3 4 6 5 0 7
21 0 0 1 2 3 4 6 5 7 0
19 0 0 2 0 3 4 6 5 7 1
24 0 0 0 2 3 4 6 5 7 1
24 0 0 4 2 7 3 6 5 0 1
24 0 0 4 0 2 3 6 5 7 1
24 0 0 0 2 3 1 6 5 7 4
22 0 0 4 2 3 1 6 5 0 7
23 0 0 4 2 3 1 6 5 7 0
23 0 0 4 2 0 3 6 5 7 1
24 0 0 4 2 3 0 6 5 7 1
24 0 0 6 1 4 3 0 2 7 5
23 0 0 6 1 4 0 5 2 7 3
23 0 0 6 1 4 3 5 2 0 7
24 0 0 6 1 4 3 5 2 7 0
24 0 0 1 2 4 6 0 5 7 3
24 0 0 4 1 2 0 6 5 7 3
24 0 0 6 2 4 1 0 5 7 3
24 0 0 2 0 4 1 6 5 7 3
23 0 0 0 2 4 1 6 5 7 3
23 0 0 2 5 4 3 6 0 7 1
23 0 0 2 4 0 3 6 5 7 1
23 0 0 6 1 2 4 0 5 7 3
22 0 0 1 5 2 4 6 0 7 3
22 0 0 0 1 2 4 6 5 7 3
21 0 0 1 2 7 4 6 5 0 3
21 0 0 1 0 2 4 6 5 7 3
22 0 0 1 2 0 4 6 5 7 3
21 0 0 3 2 4 0 6 5 7 1
20 0 0 6 2 4 3 0 5 7 1
20 0 0 2 0 4 3 6 5 7 1
17 0 0 0 2 4 3 6 5 7 1
15 0 0 1 2 4 0 6 5 7 3
15 0 0 1 2 4 3 6 5 0 7
24 0 0 1 2 4 3 6 5 7 0
24 0 0 2 0 4 3 1 5 7 6
23 0 0 1 4 3 5 0 2 7 6
23 0 0 4 3 7 6 5 2 0 1
23 0 0 4 3 6 0 5 2 7 1
22 0 0 4 2 3 0 1 5 7 6
22 0 0 4 2 3 6 1 5 0 7
23 0 0 4 2 3 6 1 5 7 0
23 0 0 3 1 4 0 5 2 7 6
23 0 0 0 2 4 3 1 5 7 6
23 0 0 2 3 7 6 4 5 0 1
23 0 0 2 3 6 0 4 5 7 1
23 0 0 5 4 3 1 0 2 7 6
23 0 0 4 0 3 1 5 2 7 6
22 0 0 0 4 3 1 5 2 7 6
20 0 0 2 5 3 6 4 0 7 1
20 0 0 2 3 0 6 4 5 7 1
19 0 0 1 2 3 6 0 5 7 4
18 0 0 1 2 3 0 4 5 7 6
18 0 0 1 2 3 6 4 5 0 7
19 0 0 1 2 3 6 4 5 7 0
18 0 0 6 2 3 0 4 5 7 1
17 0 0 2 0 3 6 4 5 7 1
22 0 0 0 2 3 6 4 5 7 1
22 0 0 1 4 7 3 5 2 0 6
22 0 0 5 1 4 3 0 2 7 6
22 0 0 1 2 4 3 0 5 7 6
22 0 0 1 2 4 3 5 7 0 6
21 0 0 1 2 4 3 5 0 7 6
21 0 0 0 1 4 3 5 2 7 6
22 0 0 1 0 4 3 5 2 7 6
21 0 0 1 4 0 3 5 2 7 6
21 0 0 4 2 3 6 0 5 7 1
21 0 0 4 2 3 6 5 7 0 1
20 0 0 4 2 3 6 5 0 7 1
20 0 0 4 3 0 6 5 2 7 1
18 0 0 6 4 3 0 5 2 7 1
17 0 0 5 4 3 6 0 2 7 1
17 0 0 4 0 3 6 5 2 7 1
14 0 0 0 4 3 6 5 2 7 1
13 0 0 1 4 3 6 0 2 7 5
12 0 0 1 4 3 0 5 2 7 6
25 0 0 1 4 3 6 5 2 7 0
24 0 0 1 4 3 6 5 2 0 7
24 0 0 5 1 4 6 0 2 3 7
24 0 0 1 2 4 6 0 5 3 7
24 0 0 1 2 4 6 5 3 0 7
23 0 0 1 2 4 6 5 0 3 7
23 0 0 0 1 4 6 5 2 3 7
24 0 0 1 0 4 6 5 2 3 7
25 0 0 1 4 0 6 5 2 3 7
0 0 0 1 4 6 0 5 2 3 7
