17 0 0 1 2 3 4 5 6 7 0
15 0 0 2 0 3 4 5 6 7 1
20 0 0 0 2 3 4 5 6 7 1
20 0 0 4 2 7 3 5 6 0 1
20 0 0 4 0 2 3 5 6 7 1
20 0 0 0 2 3 1 5 6 7 4
18 0 0 4 2 3 1 5 6 0 7
19 0 0 4 2 3 1 5 6 7 0
19 0 0 4 2 0 3 5 6 7 1
20 0 0 4 2 3 0 5 6 7 1
18 0 0 4 2 3 0 1 6 7 5
18 0 0 4 2 3 5 1 6 0 7
19 0 0 4 2 3 5 1 6 7 0
19 0 0 2 3 7 5 4 6 0 1
19 0 0 2 3 5 0 4 6 7 1
16 0 0 2 6 3 5 4 0 7 1
16 0 0 2 3 0 5 4 6 7 1
15 0 0 1 2 3 5 0 6 7 4
14 0 0 1 2 3 0 4 6 7 5
14 0 0 1 2 3 5 4 6 0 7
15 0 0 1 2 3 5 4 6 7 0
14 0 0 5 2 3 0 4 6 7 1
13 0 0 2 0 3 5 4 6 7 1
18 0 0 0 2 3 5 4 6 7 1
19 0 0 4 2 3 5 0 6 7 1
19 0 0 4 2 3 5 6 7 0 1
18 0 0 4 2 3 5 6 0 7 1
18 0 0 4 3 0 5 6 2 7 1
16 0 0 1 4 3 0 6 2 7 5
16 0 0 1 4 3 5 6 2 0 7
17 0 0 1 4 3 5 6 2 7 0
16 0 0 5 4 3 0 6 2 7 1
15 0 0 4 0 3 5 6 2 7 1
22 0 0 0 4 3 5 6 2 7 1
22 0 0 6 4 3 5 2 0 7 1
20 0 0 0 4 3 5 1 2 7 6
19 0 0 6 4 3 5 0 2 7 1
18 0 0 6 4 3 5 1 2 0 7
25 0 0 6 4 3 5 1 2 7 0
25 0 0 6 4 0 3 1 2 7 5
0 0 0 6 4 3 0 1 2 7 5
