0 0 2 1 2 3 4 5 6 7 0
0 0 2 2 0 3 4 5 6 7 1
0 0 10 0 2 3 4 5 6 7 1
0 0 10 5 2 3 4 6 0 7 1
0 0 10 5 2 3 4 0 6 7 1
0 0 10 4 2 3 1 0 6 7 5
0 0 10 2 0 3 1 4 6 7 5
0 0 8 0 2 3 1 4 6 7 5
0 0 8 5 2 3 1 0 6 7 4
0 0 8 5 2 3 1 4 6 0 7
0 0 10 5 2 3 1 4 6 7 0
0 0 10 5 2 7 3 4 6 0 1
0 0 10 5 6 2 3 4 0 7 1
0 0 8 3 5 2 0 4 6 7 1
0 0 6 1 5 2 3 0 6 7 4
0 0 6 1 5 2 0 4 6 7 3
0 0 6 1 5 2 3 4 6 0 7
0 0 8 1 5 2 3 4 6 7 0
0 0 8 4 5 2 3 0 6 7 1
0 0 10 0 5 2 3 4 6 7 1
0 0 10 5 0 2 3 4 6 7 1
0 0 10 5 2 0 3 4 6 7 1
0 0 8 2 3 7 5 4 6 0 1
0 0 6 2 6 3 5 4 0 7 1
0 0 4 5 2 3 0 4 6 7 1
0 0 2 1 2 3 5 0 6 7 4
0 0 2 1 2 3 0 4 6 7 5
0 0 2 1 2 3 5 4 6 0 7
0 0 4 1 2 3 5 4 6 7 0
0 0 4 4 2 3 5 0 6 7 1
0 0 6 0 2 3 5 4 6 7 1
0 0 8 2 0 3 5 4 6 7 1
0 0 10 2 3 0 5 4 6 7 1
0 0 8 2 3 5 0 4 6 7 1
0 0 8 4 3 5 2 0 6 7 1
0 0 8 3 0 5 2 4 6 7 1
0 0 6 0 3 5 2 4 6 7 1
0 0 6 1 3 5 2 0 6 7 4
0 0 6 1 3 5 2 4 6 0 7
0 0 10 1 3 5 2 4 6 7 0
0 0 8 1 3 7 5 4 6 0 2
0 0 6 1 6 3 5 4 0 7 2
0 0 6 5 1 3 0 4 6 7 2
0 0 4 2 1 3 5 0 6 7 4
0 0 4 2 1 3 0 4 6 7 5
0 0 4 2 1 3 5 4 6 0 7
0 0 6 2 1 3 5 4 6 7 0
0 0 6 4 1 3 5 0 6 7 2
0 0 6 0 1 3 5 4 6 7 2
0 0 8 1 0 3 5 4 6 7 2
0 0 10 1 3 0 5 4 6 7 2
0 0 10 1 3 5 0 4 6 7 2
0 0 10 4 3 5 0 1 6 7 2
0 0 8 2 3 5 0 1 6 7 4
0 0 8 2 3 5 4 1 6 0 7
0 0 10 2 3 5 4 1 6 7 0
0 0 10 3 0 5 4 1 6 7 2
0 0 10 0 3 5 4 1 6 7 2
0 0 10 1 3 5 4 6 0 7 2
0 0 8 4 3 5 0 2 6 7 1
0 0 6 1 3 5 4 0 6 7 2
0 0 6 1 3 5 0 2 6 7 4
0 0 6 1 3 5 4 2 6 0 7
0 0 8 1 3 5 4 2 6 7 0
0 0 8 3 0 5 4 2 6 7 1
0 0 10 0 3 5 4 2 6 7 1
0 0 12 2 3 5 4 0 6 7 1
0 0 12 2 3 5 4 6 7 0 1
0 0 10 2 3 5 4 6 0 7 1
0 0 10 2 5 0 4 6 3 7 1
0 0 8 4 2 5 0 6 3 7 1
0 0 8 6 2 5 4 0 3 7 1
0 0 8 2 0 5 4 6 3 7 1
0 0 6 0 2 5 4 6 3 7 1
0 0 6 1 2 5 0 6 3 7 4
0 0 6 1 2 5 4 6 3 0 7
0 0 16 1 2 5 4 6 3 7 0
0 0 16 4 1 5 0 3 2 7 6
0 0 14 6 1 5 4 0 2 7 3
0 0 14 6 1 5 0 3 2 7 4
0 0 14 6 1 5 4 3 2 0 7
0 0 16 6 1 5 4 3 2 7 0
0 0 16 3 1 5 4 0 2 7 6
0 0 16 0 1 5 4 3 2 7 6
0 0 16 1 5 0 4 3 2 7 6
0 0 16 1 0 5 4 3 2 7 6
0 0 16 1 2 5 4 3 7 0 6
0 0 16 1 2 5 4 3 0 7 6
0 0 16 1 2 5 4 0 3 7 6
0 0 18 0 2 5 4 1 3 7 6
0 0 20 2 0 5 4 1 3 7 6
0 0 22 2 5 0 4 1 3 7 6
0 0 0 2 5 4 0 1 3 7 6
