0 0 2 1 2 3 4 5 6 7 0
0 0 2 5 2 3 4 0 6 7 1
0 0 4 0 2 3 4 5 6 7 1
0 0 6 2 0 3 4 5 6 7 1
0 0 8 2 3 0 4 5 6 7 1
0 0 6 2 3 4 0 5 6 7 1
0 0 6 5 3 4 2 0 6 7 1
0 0 6 3 0 4 2 5 6 7 1
0 0 4 0 3 4 2 5 6 7 1
0 0 4 1 3 4 2 0 6 7 5
0 0 4 1 3 4 2 5 6 0 7
0 0 8 1 3 4 2 5 6 7 0
0 0 6 1 3 7 4 5 6 0 2
0 0 6 1 3 4 0 5 6 7 2
0 0 4 5 1 3 4 0 6 7 2
0 0 4 1 6 3 4 5 0 7 2
0 0 4 1 3 0 4 5 6 7 2
0 0 4 1 0 3 4 5 6 7 2
0 0 2 0 1 3 4 5 6 7 2
0 0 2 2 1 3 4 0 6 7 5
0 0 2 2 1 3 4 5 6 0 7
0 0 10 2 1 3 4 5 6 7 0
0 0 10 2 1 7 3 5 6 0 4
0 0 10 2 6 1 3 5 0 7 4
0 0 8 3 2 1 0 5 6 7 4
0 0 6 4 2 1 3 0 6 7 5
0 0 6 4 2 1 0 5 6 7 3
0 0 6 4 2 1 3 5 6 0 7
0 0 8 4 2 1 3 5 6 7 0
0 0 8 5 2 1 3 0 6 7 4
0 0 10 0 2 1 3 5 6 7 4
0 0 10 2 0 1 3 5 6 7 4
0 0 10 2 1 0 3 5 6 7 4
0 0 8 1 6 3 2 5 0 7 4
0 0 8 2 1 3 0 5 6 7 4
0 0 6 4 1 3 2 0 6 7 5
0 0 6 4 1 3 0 5 6 7 2
0 0 6 4 1 3 2 5 6 0 7
0 0 8 4 1 3 2 5 6 7 0
0 0 8 5 1 3 2 0 6 7 4
0 0 8 0 1 3 2 5 6 7 4
0 0 10 1 0 3 2 5 6 7 4
0 0 10 1 3 0 2 5 6 7 4
0 0 10 4 3 2 5 0 6 7 1
0 0 10 5 3 2 1 0 6 7 4
0 0 10 3 0 2 1 5 6 7 4
0 0 8 0 3 2 1 5 6 7 4
0 0 8 4 3 2 1 0 6 7 5
0 0 8 4 3 2 1 5 6 0 7
0 0 10 4 3 2 1 5 6 7 0
0 0 10 4 3 0 2 5 6 7 1
0 0 10 2 6 4 1 5 0 7 3
0 0 10 2 4 0 1 5 6 7 3
0 0 10 3 2 4 5 1 6 7 0
0 0 10 0 2 4 5 3 6 7 1
0 0 10 3 2 4 5 6 0 7 1
0 0 10 2 4 7 5 3 6 0 1
0 0 10 2 4 5 0 3 6 7 1
0 0 8 2 6 4 5 3 0 7 1
0 0 8 2 4 0 5 3 6 7 1
0 0 6 5 2 4 0 3 6 7 1
0 0 6 2 0 4 5 3 6 7 1
0 0 4 0 2 4 5 3 6 7 1
0 0 4 1 2 4 0 3 6 7 5
0 0 4 1 2 4 5 3 6 0 7
0 0 10 1 2 4 5 3 6 7 0
0 0 10 5 2 4 0 1 6 7 3
0 0 8 3 2 4 0 1 6 7 5
0 0 8 3 2 4 5 1 6 0 7
0 0 10 3 2 4 5 1 6 7 0
0 0 10 2 0 4 5 1 6 7 3
0 0 10 0 2 4 5 1 6 7 3
0 0 10 1 2 4 5 6 0 7 3
0 0 10 4 6 3 1 5 0 7 2
0 0 10 4 3 0 1 5 6 7 2
0 0 10 4 3 7 2 5 6 0 1
0 0 8 0 4 3 1 5 6 7 2
0 0 8 4 6 3 2 5 0 7 1
0 0 8 4 3 0 2 5 6 7 1
0 0 8 5 4 3 1 0 6 7 2
0 0 8 4 0 3 1 5 6 7 2
0 0 6 0 4 3 1 5 6 7 2
0 0 6 2 4 3 1 0 6 7 5
0 0 6 2 4 3 1 5 6 0 7
0 0 8 2 4 3 1 5 6 7 0
0 0 8 2 4 7 3 5 6 0 1
0 0 8 0 2 4 1 5 6 7 3
0 0 8 1 2 4 5 0 6 7 3
0 0 6 1 2 7 4 5 6 0 3
0 0 6 1 6 2 4 5 0 7 3
0 0 6 4 1 2 0 5 6 7 3
0 0 4 3 1 2 4 0 6 7 5
0 0 4 3 1 2 0 5 6 7 4
0 0 4 3 1 2 4 5 6 0 7
0 0 6 3 1 2 4 5 6 7 0
0 0 6 5 1 2 4 0 6 7 3
0 0 6 0 1 2 4 5 6 7 3
0 0 6 1 0 2 4 5 6 7 3
0 0 8 1 2 0 4 5 6 7 3
0 0 8 3 2 4 5 0 6 7 1
0 0 8 5 2 4 1 0 6 7 3
0 0 8 2 0 4 1 5 6 7 3
0 0 6 0 2 4 1 5 6 7 3
0 0 6 3 2 4 1 0 6 7 5
0 0 6 3 2 4 1 5 6 0 7
0 0 8 3 2 4 1 5 6 7 0
0 0 6 3 2 7 4 5 6 0 1
0 0 6 3 6 2 4 5 0 7 1
0 0 4 4 3 2 0 5 6 7 1
0 0 2 1 3 2 4 0 6 7 5
0 0 2 1 3 2 0 5 6 7 4
0 0 2 1 3 2 4 5 6 0 7
0 0 4 1 3 2 4 5 6 7 0
0 0 4 5 3 2 4 0 6 7 1
0 0 6 0 3 2 4 5 6 7 1
0 0 6 3 0 2 4 5 6 7 1
0 0 8 3 2 0 4 5 6 7 1
0 0 6 2 6 4 3 5 0 7 1
0 0 4 3 2 4 0 5 6 7 1
0 0 2 1 2 4 3 0 6 7 5
0 0 2 1 2 4 0 5 6 7 3
0 0 2 1 2 4 3 5 6 0 7
0 0 4 1 2 4 3 5 6 7 0
0 0 4 5 2 4 3 0 6 7 1
0 0 6 0 2 4 3 5 6 7 1
0 0 8 2 0 4 3 5 6 7 1
0 0 8 2 4 0 3 5 6 7 1
0 0 6 2 4 3 0 5 6 7 1
0 0 6 5 4 3 2 0 6 7 1
0 0 6 4 0 3 2 5 6 7 1
0 0 4 0 4 3 2 5 6 7 1
0 0 4 1 4 3 2 0 6 7 5
0 0 4 1 4 3 2 5 6 0 7
0 0 8 1 4 3 2 5 6 7 0
0 0 8 1 4 7 3 5 6 0 2
0 0 6 1 6 4 3 5 0 7 2
0 0 6 3 1 4 0 5 6 7 2
0 0 4 2 1 4 3 0 6 7 5
0 0 4 2 1 4 0 5 6 7 3
0 0 4 2 1 4 3 5 6 0 7
0 0 6 2 1 4 3 5 6 7 0
0 0 6 5 1 4 3 0 6 7 2
0 0 6 0 1 4 3 5 6 7 2
0 0 8 1 0 4 3 5 6 7 2
0 0 8 1 4 0 3 5 6 7 2
0 0 10 1 4 3 0 5 6 7 2
0 0 10 5 4 3 0 1 6 7 2
0 0 8 2 4 3 0 1 6 7 5
0 0 8 2 4 3 5 1 6 0 7
0 0 10 2 4 3 5 1 6 7 0
0 0 10 4 0 3 5 1 6 7 2
0 0 10 0 4 3 5 1 6 7 2
0 0 10 1 4 3 5 6 0 7 2
0 0 8 5 4 3 0 2 6 7 1
0 0 6 1 4 3 5 0 6 7 2
0 0 6 1 4 3 0 2 6 7 5
0 0 6 1 4 3 5 2 6 0 7
0 0 8 1 4 3 5 2 6 7 0
0 0 8 4 0 3 5 2 6 7 1
0 0 10 0 4 3 5 2 6 7 1
0 0 12 2 4 3 5 0 6 7 1
0 0 12 2 4 3 5 6 7 0 1
0 0 10 2 3 7 5 6 4 0 1
0 0 8 2 4 3 5 6 0 7 1
0 0 6 5 2 3 0 6 4 7 1
0 0 4 1 2 3 5 0 4 7 6
0 0 4 1 2 3 0 6 4 7 5
0 0 4 1 2 3 5 6 4 0 7
0 0 6 1 2 3 5 6 4 7 0
0 0 6 6 2 3 5 0 4 7 1
0 0 8 0 2 3 5 6 4 7 1
0 0 10 2 0 3 5 6 4 7 1
0 0 12 2 3 0 5 6 4 7 1
0 0 14 2 3 5 0 6 4 7 1
0 0 14 3 4 5 6 2 0 7 1
0 0 14 3 5 0 6 2 4 7 1
0 0 12 6 3 5 0 2 4 7 1
0 0 10 1 3 5 0 2 4 7 6
0 0 10 1 3 5 6 2 4 0 7
0 0 12 1 3 5 6 2 4 7 0
0 0 12 3 0 5 6 2 4 7 1
0 0 14 0 3 5 6 2 4 7 1
0 0 14 2 5 7 6 4 3 0 1
0 0 14 2 5 6 0 4 3 7 1
0 0 10 6 2 5 0 4 3 7 1
0 0 8 1 2 5 6 0 3 7 4
0 0 8 1 2 5 0 4 3 7 6
0 0 8 1 2 5 6 4 3 0 7
0 0 10 1 2 5 6 4 3 7 0
0 0 10 4 2 5 6 0 3 7 1
0 0 12 0 2 5 6 4 3 7 1
0 0 12 2 5 0 6 4 3 7 1
0 0 14 2 0 5 6 4 3 7 1
0 0 14 2 3 5 6 4 7 0 1
0 0 14 2 3 5 6 4 0 7 1
0 0 12 2 3 5 6 0 4 7 1
0 0 12 2 3 5 0 1 4 7 6
0 0 12 2 3 5 6 1 4 0 7
0 0 14 2 3 5 6 1 4 7 0
0 0 14 3 0 5 6 1 4 7 2
0 0 14 0 3 5 6 1 4 7 2
0 0 14 1 3 5 6 0 4 7 2
0 0 14 1 3 5 6 4 7 0 2
0 0 12 1 3 5 6 4 0 7 2
0 0 12 6 1 5 0 4 3 7 2
0 0 10 2 1 5 6 0 3 7 4
0 0 10 2 1 5 0 4 3 7 6
0 0 10 2 1 5 6 4 3 0 7
0 0 12 2 1 5 6 4 3 7 0
0 0 12 4 1 5 6 0 3 7 2
0 0 12 0 1 5 6 4 3 7 2
0 0 14 1 0 5 6 4 3 7 2
0 0 14 1 5 6 0 4 3 7 2
0 0 22 1 5 0 6 4 3 7 2
0 0 22 5 3 7 6 4 0 2 1
0 0 22 5 7 0 6 4 3 2 1
0 0 20 6 5 7 0 4 3 2 1
0 0 20 4 5 7 6 0 3 2 1
0 0 20 5 0 7 6 4 3 2 1
0 0 18 0 5 7 6 4 3 2 1
0 0 18 1 5 7 6 0 3 2 4
0 0 18 1 5 7 0 4 3 2 6
0 0 22 1 5 7 6 4 3 2 0
0 0 22 1 5 7 6 4 3 0 2
0 0 22 1 5 7 6 4 0 3 2
0 0 22 1 5 7 6 0 4 3 2
0 0 22 5 0 7 6 1 4 3 2
0 0 20 0 5 7 6 1 4 3 2
0 0 20 2 5 7 6 0 4 3 1
0 0 20 2 5 7 0 1 4 3 6
0 0 26 2 5 7 6 1 4 3 0
0 0 26 2 5 7 6 1 4 0 3
0 0 26 2 5 7 6 1 0 4 3
0 0 24 6 5 7 0 2 1 4 3
0 0 24 2 5 7 6 0 1 4 3
0 0 24 5 0 7 6 2 1 4 3
0 0 22 0 5 7 6 2 1 4 3
0 0 22 3 5 7 6 0 1 4 2
0 0 22 3 5 7 0 2 1 4 6
0 0 30 3 5 7 6 2 1 4 0
0 0 30 3 5 7 6 2 1 0 4
0 0 0 3 5 7 6 2 0 1 4
