19 0 0 1 2 3 4 5 6 7 0
17 0 0 2 0 3 4 5 6 7 1
24 0 0 0 2 3 4 5 6 7 1
24 0 0 5 2 3 4 6 0 7 1
23 0 0 4 5 2 1 3 6 0 7
24 0 0 4 5 2 1 3 6 7 0
24 0 0 4 5 0 2 3 6 7 1
24 0 0 5 3 7 4 1 6 0 2
24 0 0 5 3 4 0 1 6 7 2
24 0 0 2 3 7 6 5 4 0 1
24 0 0 2 3 6 0 5 4 7 1
22 0 0 1 2 3 6 0 4 7 5
21 0 0 1 2 3 0 5 4 7 6
21 0 0 1 2 3 6 5 4 0 7
22 0 0 1 2 3 6 5 4 7 0
21 0 0 6 2 3 0 5 4 7 1
20 0 0 5 2 3 6 0 4 7 1
21 0 0 0 2 3 6 5 4 7 1
21 0 0 2 3 0 6 5 4 7 1
24 0 0 2 0 3 6 5 4 7 1
24 0 0 2 4 3 6 5 7 0 1
24 0 0 1 3 2 4 0 5 7 6
23 0 0 1 3 2 0 6 5 7 4
23 0 0 1 3 2 4 6 5 0 7
24 0 0 1 3 2 4 6 5 7 0
24 0 0 1 5 4 0 3 6 7 2
24 0 0 3 5 4 0 1 6 7 2
24 0 0 6 3 7 1 5 4 0 2
24 0 0 6 3 1 0 5 4 7 2
24 0 0 1 6 3 5 0 4 7 2
24 0 0 6 0 3 2 5 4 7 1
24 0 0 2 6 0 3 5 4 7 1
24 0 0 3 1 6 0 5 4 7 2
23 0 0 1 6 7 3 5 4 0 2
23 0 0 5 1 6 3 0 4 7 2
22 0 0 1 4 6 3 5 0 7 2
22 0 0 0 1 6 3 5 4 7 2
23 0 0 1 0 6 3 5 4 7 2
22 0 0 2 6 3 1 0 4 7 5
21 0 0 2 6 3 0 5 4 7 1
21 0 0 2 6 3 1 5 4 0 7
22 0 0 2 6 3 1 5 4 7 0
21 0 0 0 6 3 2 5 4 7 1
20 0 0 1 6 3 2 0 4 7 5
19 0 0 1 6 3 2 5 4 0 7
22 0 0 1 6 3 2 5 4 7 0
22 0 0 1 6 0 3 5 4 7 2
21 0 0 1 6 3 0 5 4 7 2
21 0 0 0 6 3 1 5 4 7 2
21 0 0 6 3 0 1 5 4 7 2
24 0 0 6 0 3 1 5 4 7 2
24 0 0 6 4 3 1 5 7 0 2
21 0 0 3 1 7 4 5 6 0 2
21 0 0 3 1 4 0 5 6 7 2
20 0 0 3 1 0 4 5 6 7 2
20 0 0 3 6 1 4 5 0 7 2
19 0 0 2 3 1 4 0 6 7 5
18 0 0 2 3 1 0 5 6 7 4
18 0 0 2 3 1 4 5 6 0 7
19 0 0 2 3 1 4 5 6 7 0
17 0 0 3 0 1 4 5 6 7 2
24 0 0 0 3 1 4 5 6 7 2
24 0 0 5 3 1 4 6 0 7 2
24 0 0 1 3 2 5 0 6 7 4
23 0 0 1 3 2 0 4 6 7 5
23 0 0 1 3 2 5 4 6 0 7
24 0 0 1 3 2 5 4 6 7 0
24 0 0 5 0 3 2 1 6 7 4
17 0 0 1 5 3 4 2 6 0 7
24 0 0 1 5 3 4 2 6 7 0
24 0 0 1 5 0 3 2 6 7 4
24 0 0 6 1 5 4 0 7 3 2
23 0 0 1 7 5 4 6 0 3 2
23 0 0 0 1 5 4 6 7 3 2
24 0 0 1 0 5 4 6 7 3 2
24 0 0 1 5 4 0 6 7 3 2
23 0 0 0 5 2 3 1 6 7 4
23 0 0 1 5 0 4 6 7 3 2
23 0 0 4 5 3 2 6 0 7 1
23 0 0 1 5 3 0 2 6 7 4
23 0 0 4 5 3 6 0 7 2 1
23 0 0 6 5 3 1 0 7 2 4
23 0 0 5 0 3 1 6 7 2 4
23 0 0 0 5 3 2 1 6 7 4
23 0 0 1 5 3 2 6 0 7 4
21 0 0 3 1 5 2 0 6 7 4
20 0 0 3 1 5 2 4 6 0 7
23 0 0 3 1 5 2 4 6 7 0
23 0 0 3 2 5 1 0 6 7 4
22 0 0 3 2 5 1 4 6 0 7
23 0 0 3 2 5 1 4 6 7 0
23 0 0 3 6 2 5 4 0 7 1
22 0 0 4 3 2 5 0 6 7 1
23 0 0 0 3 2 5 4 6 7 1
22 0 0 3 2 7 5 4 6 0 1
22 0 0 3 0 2 5 4 6 7 1
23 0 0 3 2 0 5 4 6 7 1
23 0 0 5 3 1 4 0 6 7 2
23 0 0 6 4 3 1 5 0 7 2
22 0 0 0 5 4 3 2 6 7 1
20 0 0 1 5 4 0 2 6 7 3
20 0 0 1 5 4 3 2 6 0 7
23 0 0 1 5 4 3 2 6 7 0
23 0 0 5 0 4 3 1 6 7 2
22 0 0 0 5 4 3 1 6 7 2
23 0 0 1 5 4 3 0 6 7 2
23 0 0 1 5 4 3 6 7 0 2
23 0 0 3 2 4 1 0 5 7 6
22 0 0 3 2 4 1 6 5 0 7
23 0 0 3 2 4 1 6 5 7 0
23 0 0 3 5 2 4 6 0 7 1
22 0 0 6 3 2 4 0 5 7 1
23 0 0 0 3 2 4 6 5 7 1
22 0 0 3 2 7 4 6 5 0 1
22 0 0 3 0 2 4 6 5 7 1
23 0 0 3 2 0 4 6 5 7 1
22 0 0 4 0 3 6 2 5 7 1
23 0 0 0 4 3 6 2 5 7 1
23 0 0 2 4 3 6 5 0 7 1
22 0 0 2 4 5 0 1 6 7 3
22 0 0 2 4 5 3 1 6 0 7
23 0 0 2 4 5 3 1 6 7 0
23 0 0 4 3 1 2 0 6 7 5
23 0 0 3 0 1 2 4 6 7 5
21 0 0 1 3 4 2 0 5 7 6
20 0 0 1 3 4 2 6 5 0 7
23 0 0 1 3 4 2 6 5 7 0
20 0 0 1 3 7 4 6 5 0 2
20 0 0 1 3 4 0 6 5 7 2
20 0 0 2 1 3 4 0 5 7 6
19 0 0 2 1 3 0 6 5 7 4
19 0 0 2 1 3 4 6 5 0 7
20 0 0 2 1 3 4 6 5 7 0
19 0 0 4 1 3 0 6 5 7 2
18 0 0 6 1 3 4 0 5 7 2
17 0 0 0 1 3 4 6 5 7 2
17 0 0 1 3 0 4 6 5 7 2
22 0 0 1 0 3 4 6 5 7 2
21 0 0 5 6 3 4 1 0 7 2
21 0 0 5 3 0 4 1 6 7 2
19 0 0 2 5 3 4 1 6 0 7
20 0 0 2 5 3 4 1 6 7 0
17 0 0 1 5 3 4 2 6 0 7
20 0 0 1 5 3 4 2 6 7 0
19 0 0 1 5 3 4 6 0 7 2
18 0 0 1 5 3 4 0 6 7 2
18 0 0 5 0 3 4 1 6 7 2
23 0 0 0 5 3 4 1 6 7 2
22 0 0 0 5 1 2 6 7 3 4
21 0 0 4 5 1 2 0 7 3 6
20 0 0 4 5 1 2 6 7 0 3
23 0 0 4 5 1 2 6 7 3 0
23 0 0 2 1 4 5 0 7 3 6
22 0 0 2 1 4 0 6 7 3 5
22 0 0 2 1 4 5 6 7 0 3
23 0 0 2 1 4 5 6 7 3 0
23 0 0 2 4 3 5 0 6 7 1
22 0 0 2 4 3 0 1 6 7 5
22 0 0 2 4 3 5 1 6 0 7
23 0 0 2 4 3 5 1 6 7 0
23 0 0 2 4 3 5 0 6 7 1
23 0 0 4 0 3 5 2 6 7 1
23 0 0 5 4 3 2 0 6 7 1
23 0 0 4 0 3 2 5 6 7 1
23 0 0 3 1 4 0 5 6 7 2
23 0 0 4 0 3 1 5 6 7 2
23 0 0 4 5 7 3 1 6 0 2
20 0 0 1 4 5 0 2 6 7 3
20 0 0 1 4 5 3 2 6 0 7
23 0 0 1 4 5 3 2 6 7 0
22 0 0 3 4 5 0 1 6 7 2
21 0 0 1 4 5 3 0 6 7 2
22 0 0 0 4 5 3 1 6 7 2
22 0 0 4 6 5 3 1 0 7 2
23 0 0 4 0 5 3 1 6 7 2
21 0 0 5 6 3 2 4 0 7 1
21 0 0 5 3 0 2 4 6 7 1
18 0 0 5 0 3 2 4 6 7 1
23 0 0 0 5 3 2 4 6 7 1
21 0 0 1 3 4 2 0 5 7 6
20 0 0 1 3 4 2 6 5 0 7
23 0 0 1 3 4 2 6 5 7 0
23 0 0 4 5 2 0 3 6 7 1
23 0 0 5 2 3 4 0 6 7 1
23 0 0 2 3 7 5 4 6 0 1
23 0 0 3 5 7 2 4 6 0 1
23 0 0 1 3 5 2 0 6 7 4
22 0 0 1 3 5 0 4 6 7 2
22 0 0 1 3 5 2 4 6 0 7
23 0 0 1 3 5 2 4 6 7 0
22 0 0 2 3 5 0 4 6 7 1
22 0 0 3 6 5 2 4 0 7 1
21 0 0 4 3 5 2 0 6 7 1
22 0 0 0 3 5 2 4 6 7 1
23 0 0 3 0 5 2 4 6 7 1
23 0 0 6 2 3 1 0 5 7 4
23 0 0 2 0 3 1 6 5 7 4
23 0 0 3 4 7 2 6 5 0 1
21 0 0 6 3 4 2 0 5 7 1
22 0 0 0 3 4 2 6 5 7 1
22 0 0 3 5 4 2 6 0 7 1
23 0 0 3 0 4 2 6 5 7 1
22 0 0 3 4 2 1 0 5 7 6
21 0 0 3 4 2 1 6 5 0 7
22 0 0 3 4 2 1 6 5 7 0
22 0 0 3 4 0 2 6 5 7 1
21 0 0 4 2 3 6 0 5 7 1
20 0 0 0 2 3 1 6 5 7 4
17 0 0 1 2 3 4 0 5 7 6
16 0 0 1 2 3 0 6 5 7 4
16 0 0 1 2 3 4 6 5 0 7
17 0 0 1 2 3 4 6 5 7 0
15 0 0 6 2 3 4 0 5 7 1
20 0 0 0 2 3 4 6 5 7 1
19 0 0 4 2 3 1 0 5 7 6
18 0 0 4 2 3 1 6 5 0 7
19 0 0 4 2 3 1 6 5 7 0
18 0 0 1 4 2 3 0 5 7 6
17 0 0 1 4 2 0 6 5 7 3
17 0 0 1 4 2 3 6 5 0 7
18 0 0 1 4 2 3 6 5 7 0
18 0 0 4 2 7 3 6 5 0 1
18 0 0 4 2 3 0 6 5 7 1
17 0 0 4 2 0 3 6 5 7 1
17 0 0 3 4 2 0 6 5 7 1
16 0 0 6 4 2 3 0 5 7 1
17 0 0 0 4 2 3 6 5 7 1
22 0 0 4 0 2 3 6 5 7 1
21 0 0 4 5 2 0 1 6 7 3
21 0 0 4 5 2 3 1 6 0 7
22 0 0 4 5 2 3 1 6 7 0
22 0 0 3 5 2 1 0 6 7 4
21 0 0 3 5 2 1 4 6 0 7
22 0 0 3 5 2 1 4 6 7 0
22 0 0 3 5 0 2 4 6 7 1
20 0 0 2 6 3 5 4 0 7 1
20 0 0 2 3 0 5 4 6 7 1
19 0 0 1 2 3 5 0 6 7 4
18 0 0 1 2 3 5 4 6 0 7
19 0 0 1 2 3 5 4 6 7 0
17 0 0 4 2 3 5 0 6 7 1
17 0 0 2 0 3 5 4 6 7 1
22 0 0 0 2 3 5 4 6 7 1
22 0 0 0 2 3 1 4 6 7 5
21 0 0 5 2 3 1 0 6 7 4
20 0 0 5 2 3 1 4 6 0 7
21 0 0 5 2 3 1 4 6 7 0
20 0 0 5 2 7 3 4 6 0 1
20 0 0 5 2 3 0 4 6 7 1
19 0 0 5 6 2 3 4 0 7 1
19 0 0 5 2 0 3 4 6 7 1
18 0 0 1 5 2 3 0 6 7 4
17 0 0 1 5 2 0 4 6 7 3
17 0 0 1 5 2 3 4 6 0 7
18 0 0 1 5 2 3 4 6 7 0
17 0 0 3 5 2 0 4 6 7 1
16 0 0 5 0 2 3 4 6 7 1
21 0 0 0 5 2 3 4 6 7 1
22 0 0 4 5 2 3 0 6 7 1
23 0 0 4 5 2 3 6 0 7 1
23 0 0 4 5 2 3 0 7 1 6
22 0 0 4 5 2 0 6 7 1 3
23 0 0 4 5 2 3 6 7 1 0
20 0 0 1 3 7 4 6 5 0 2
20 0 0 1 3 4 0 6 5 7 2
20 0 0 2 1 3 4 0 5 7 6
19 0 0 2 1 3 0 6 5 7 4
19 0 0 2 1 3 4 6 5 0 7
20 0 0 2 1 3 4 6 5 7 0
19 0 0 4 1 3 0 6 5 7 2
18 0 0 6 1 3 4 0 5 7 2
17 0 0 0 1 3 4 6 5 7 2
17 0 0 1 3 0 4 6 5 7 2
22 0 0 1 0 3 4 6 5 7 2
23 0 0 1 5 3 4 6 0 7 2
23 0 0 5 3 2 4 6 7 0 1
23 0 0 5 3 4 0 6 7 2 1
23 0 0 2 3 4 1 0 5 7 6
22 0 0 2 3 4 1 6 5 0 7
23 0 0 2 3 4 1 6 5 7 0
22 0 0 2 1 3 6 0 4 7 5
20 0 0 4 5 3 2 0 6 7 1
19 0 0 4 5 3 2 1 6 0 7
22 0 0 4 5 3 2 1 6 7 0
20 0 0 2 3 7 4 6 5 0 1
20 0 0 2 3 4 0 6 5 7 1
18 0 0 1 2 3 4 0 5 7 6
17 0 0 1 2 3 0 6 5 7 4
17 0 0 1 2 3 4 6 5 0 7
18 0 0 1 2 3 4 6 5 7 0
17 0 0 4 2 3 0 6 5 7 1
16 0 0 6 2 3 4 0 5 7 1
17 0 0 0 2 3 4 6 5 7 1
17 0 0 2 3 0 4 6 5 7 1
22 0 0 2 0 3 4 6 5 7 1
22 0 0 2 5 3 4 6 7 0 1
21 0 0 0 1 4 2 6 5 7 3
20 0 0 3 1 4 2 0 5 7 6
19 0 0 3 1 4 2 6 5 0 7
22 0 0 3 1 4 2 6 5 7 0
20 0 0 5 7 3 4 6 0 2 1
20 0 0 5 3 0 4 6 7 2 1
19 0 0 1 5 3 4 0 7 2 6
18 0 0 1 5 3 4 6 7 0 2
19 0 0 1 5 3 4 6 7 2 0
17 0 0 6 5 3 4 0 7 2 1
17 0 0 5 0 3 4 6 7 2 1
22 0 0 0 5 3 4 6 7 2 1
22 0 0 4 5 2 3 6 7 0 1
22 0 0 1 4 5 3 0 7 2 6
21 0 0 1 4 5 0 6 7 2 3
21 0 0 1 4 5 3 6 7 0 2
22 0 0 1 4 5 3 6 7 2 0
21 0 0 4 7 5 3 6 0 2 1
21 0 0 3 4 5 0 6 7 2 1
20 0 0 6 4 5 3 0 7 2 1
21 0 0 0 4 5 3 6 7 2 1
22 0 0 4 0 5 3 6 7 2 1
20 0 0 1 3 7 4 6 5 0 2
20 0 0 1 3 4 0 6 5 7 2
20 0 0 2 1 3 4 0 5 7 6
19 0 0 2 1 3 0 6 5 7 4
19 0 0 2 1 3 4 6 5 0 7
20 0 0 2 1 3 4 6 5 7 0
19 0 0 4 1 3 0 6 5 7 2
18 0 0 6 1 3 4 0 5 7 2
17 0 0 0 1 3 4 6 5 7 2
17 0 0 1 3 0 4 6 5 7 2
22 0 0 1 0 3 4 6 5 7 2
22 0 0 1 5 3 4 6 7 0 2
21 0 0 3 1 7 5 4 6 0 2
20 0 0 3 1 0 5 4 6 7 2
20 0 0 3 6 1 5 4 0 7 2
19 0 0 2 3 1 5 0 6 7 4
18 0 0 2 3 1 5 4 6 0 7
19 0 0 2 3 1 5 4 6 7 0
17 0 0 4 3 1 5 0 6 7 2
17 0 0 3 0 1 5 4 6 7 2
22 0 0 0 3 1 5 4 6 7 2
22 0 0 4 5 3 2 0 6 7 1
22 0 0 2 5 3 1 0 6 7 4
22 0 0 5 0 3 1 2 6 7 4
19 0 0 1 4 3 6 2 5 0 7
22 0 0 1 4 3 6 2 5 7 0
22 0 0 2 3 1 0 6 5 7 4
22 0 0 1 3 7 6 5 4 0 2
22 0 0 1 3 6 0 5 4 7 2
21 0 0 2 1 3 0 5 4 7 6
21 0 0 2 1 3 6 5 4 0 7
22 0 0 2 1 3 6 5 4 7 0
21 0 0 6 1 3 0 5 4 7 2
20 0 0 5 1 3 6 0 4 7 2
19 0 0 0 1 3 6 5 4 7 2
19 0 0 1 3 0 6 5 4 7 2
22 0 0 1 0 3 6 5 4 7 2
22 0 0 1 4 3 6 5 7 0 2
22 0 0 4 0 3 6 1 5 7 2
22 0 0 2 4 5 3 6 0 7 1
22 0 0 5 3 7 4 2 6 0 1
22 0 0 5 3 4 0 2 6 7 1
22 0 0 4 5 0 3 1 6 7 2
22 0 0 2 4 5 1 0 7 3 6
21 0 0 2 4 5 0 6 7 3 1
21 0 0 2 4 5 1 6 7 0 3
22 0 0 2 4 5 1 6 7 3 0
21 0 0 0 4 5 2 6 7 3 1
20 0 0 1 4 5 2 0 7 3 6
19 0 0 1 4 5 2 6 7 0 3
22 0 0 1 4 5 2 6 7 3 0
22 0 0 5 1 4 0 6 7 3 2
22 0 0 0 4 3 1 5 6 7 2
22 0 0 1 4 7 3 5 6 0 2
22 0 0 5 1 4 3 0 6 7 2
21 0 0 1 6 4 3 5 0 7 2
21 0 0 0 1 4 3 5 6 7 2
22 0 0 1 0 4 3 5 6 7 2
20 0 0 0 4 3 2 5 6 7 1
18 0 0 1 4 3 2 5 6 0 7
21 0 0 1 4 3 2 5 6 7 0
21 0 0 1 4 0 3 5 6 7 2
22 0 0 1 4 3 0 5 6 7 2
22 0 0 5 4 3 0 1 6 7 2
21 0 0 1 3 7 5 6 4 0 2
21 0 0 1 3 5 0 6 4 7 2
21 0 0 2 1 3 5 0 4 7 6
20 0 0 2 1 3 0 6 4 7 5
20 0 0 2 1 3 5 6 4 0 7
21 0 0 2 1 3 5 6 4 7 0
20 0 0 5 1 3 0 6 4 7 2
19 0 0 6 1 3 5 0 4 7 2
18 0 0 0 1 3 5 6 4 7 2
18 0 0 1 3 0 5 6 4 7 2
21 0 0 1 0 3 5 6 4 7 2
20 0 0 0 4 3 5 2 6 7 1
18 0 0 1 4 3 0 2 6 7 5
18 0 0 1 4 3 5 2 6 0 7
21 0 0 1 4 3 5 2 6 7 0
21 0 0 4 0 3 5 1 6 7 2
20 0 0 0 4 3 5 1 6 7 2
21 0 0 1 4 3 5 0 6 7 2
22 0 0 1 4 3 5 6 0 7 2
21 0 0 0 4 3 5 6 7 2 1
20 0 0 1 4 3 5 0 7 2 6
19 0 0 1 4 3 0 6 7 2 5
22 0 0 1 4 3 5 6 7 2 0
21 0 0 1 4 3 5 6 7 0 2
21 0 0 6 1 4 5 0 7 3 2
20 0 0 1 7 4 5 6 0 3 2
20 0 0 0 1 4 5 6 7 3 2
21 0 0 1 0 4 5 6 7 3 2
22 0 0 1 4 0 5 6 7 3 2
21 0 0 4 7 5 1 6 0 3 2
21 0 0 1 4 5 0 6 7 3 2
20 0 0 6 4 5 1 0 7 3 2
21 0 0 0 4 5 1 6 7 3 2
22 0 0 4 0 5 1 6 7 3 2
22 0 0 4 5 1 0 6 7 3 2
21 0 0 4 5 0 1 6 7 3 2
21 0 0 4 5 3 0 1 6 7 2
21 0 0 5 6 3 2 4 0 7 1
21 0 0 5 3 0 2 4 6 7 1
20 0 0 0 3 1 2 4 6 7 5
19 0 0 5 3 1 2 0 6 7 4
18 0 0 5 3 1 2 4 6 0 7
21 0 0 5 3 1 2 4 6 7 0
19 0 0 2 5 3 4 1 6 0 7
20 0 0 2 5 3 4 1 6 7 0
19 0 0 2 5 3 4 6 0 7 1
19 0 0 5 6 3 4 2 0 7 1
19 0 0 5 3 0 4 2 6 7 1
17 0 0 1 5 3 4 2 6 0 7
18 0 0 1 5 3 4 2 6 7 0
16 0 0 5 0 3 4 2 6 7 1
16 0 0 2 5 3 4 0 6 7 1
21 0 0 0 5 3 4 2 6 7 1
21 0 0 2 5 3 4 6 0 7 1
21 0 0 4 5 7 3 2 6 0 1
21 0 0 1 4 5 3 0 6 7 2
20 0 0 1 4 5 0 2 6 7 3
20 0 0 1 4 5 3 2 6 0 7
21 0 0 1 4 5 3 2 6 7 0
20 0 0 4 6 5 3 2 0 7 1
20 0 0 3 4 5 0 2 6 7 1
19 0 0 2 4 5 3 0 6 7 1
20 0 0 0 4 5 3 2 6 7 1
21 0 0 4 0 5 3 2 6 7 1
21 0 0 4 3 0 2 6 5 7 1
21 0 0 0 4 3 6 1 5 7 2
21 0 0 1 4 3 6 5 0 7 2
21 0 0 4 3 1 6 0 5 7 2
21 0 0 6 3 1 2 0 5 7 4
21 0 0 3 0 1 2 6 5 7 4
20 0 0 2 4 3 6 0 5 7 1
19 0 0 3 1 7 4 6 5 0 2
19 0 0 3 1 4 0 6 5 7 2
18 0 0 3 1 0 4 6 5 7 2
18 0 0 3 5 1 4 6 0 7 2
17 0 0 2 3 1 4 0 5 7 6
16 0 0 2 3 1 4 6 5 0 7
17 0 0 2 3 1 4 6 5 7 0
15 0 0 6 3 1 4 0 5 7 2
15 0 0 3 0 1 4 6 5 7 2
20 0 0 0 3 1 4 6 5 7 2
18 0 0 6 4 3 2 0 5 7 1
18 0 0 4 0 3 2 6 5 7 1
19 0 0 0 4 3 2 6 5 7 1
19 0 0 2 1 4 3 0 5 7 6
18 0 0 2 1 4 0 6 5 7 3
18 0 0 2 1 4 3 6 5 0 7
19 0 0 2 1 4 3 6 5 7 0
19 0 0 2 4 7 3 6 5 0 1
19 0 0 1 2 4 3 0 5 7 6
18 0 0 1 2 4 0 6 5 7 3
18 0 0 1 2 4 3 6 5 0 7
19 0 0 1 2 4 3 6 5 7 0
18 0 0 2 5 4 3 6 0 7 1
18 0 0 3 2 4 0 6 5 7 1
17 0 0 6 2 4 3 0 5 7 1
18 0 0 0 2 4 3 6 5 7 1
19 0 0 2 0 4 3 6 5 7 1
18 0 0 0 3 1 2 6 5 7 4
17 0 0 4 3 1 2 0 5 7 6
16 0 0 4 3 1 2 6 5 0 7
19 0 0 4 3 1 2 6 5 7 0
18 0 0 4 3 7 1 6 5 0 2
18 0 0 4 3 1 0 6 5 7 2
18 0 0 1 4 3 6 0 5 7 2
18 0 0 6 4 3 2 0 5 7 1
18 0 0 4 0 3 2 6 5 7 1
18 0 0 2 4 0 3 6 5 7 1
18 0 0 3 1 4 0 6 5 7 2
17 0 0 1 4 7 3 6 5 0 2
17 0 0 6 1 4 3 0 5 7 2
16 0 0 1 5 4 3 6 0 7 2
16 0 0 0 1 4 3 6 5 7 2
17 0 0 1 0 4 3 6 5 7 2
16 0 0 2 4 3 1 0 5 7 6
15 0 0 2 4 3 0 6 5 7 1
15 0 0 2 4 3 1 6 5 0 7
16 0 0 2 4 3 1 6 5 7 0
15 0 0 0 4 3 2 6 5 7 1
14 0 0 1 4 3 2 0 5 7 6
13 0 0 1 4 3 2 6 5 0 7
16 0 0 1 4 3 2 6 5 7 0
16 0 0 1 4 0 3 6 5 7 2
15 0 0 1 4 3 0 6 5 7 2
14 0 0 6 4 3 1 0 5 7 2
15 0 0 0 4 3 1 6 5 7 2
15 0 0 4 3 0 1 6 5 7 2
20 0 0 4 0 3 1 6 5 7 2
20 0 0 4 5 0 3 2 6 7 1
19 0 0 0 5 3 1 2 6 7 4
17 0 0 4 5 3 0 2 6 7 1
17 0 0 4 5 3 1 2 6 0 7
20 0 0 4 5 3 1 2 6 7 0
20 0 0 2 5 3 4 0 6 7 1
20 0 0 5 3 7 1 4 6 0 2
20 0 0 5 3 1 0 4 6 7 2
19 0 0 0 5 3 4 2 6 7 1
17 0 0 1 5 3 4 2 6 0 7
20 0 0 1 5 3 4 2 6 7 0
20 0 0 5 0 3 4 1 6 7 2
18 0 0 4 5 3 2 0 6 7 1
18 0 0 5 0 3 2 4 6 7 1
19 0 0 0 5 3 2 4 6 7 1
19 0 0 2 1 5 3 0 6 7 4
18 0 0 2 1 5 0 4 6 7 3
18 0 0 2 1 5 3 4 6 0 7
19 0 0 2 1 5 3 4 6 7 0
19 0 0 2 5 7 3 4 6 0 1
19 0 0 1 2 5 3 0 6 7 4
18 0 0 1 2 5 0 4 6 7 3
18 0 0 1 2 5 3 4 6 0 7
19 0 0 1 2 5 3 4 6 7 0
18 0 0 2 6 5 3 4 0 7 1
18 0 0 3 2 5 0 4 6 7 1
17 0 0 4 2 5 3 0 6 7 1
18 0 0 0 2 5 3 4 6 7 1
19 0 0 2 0 5 3 4 6 7 1
19 0 0 0 5 3 4 1 6 7 2
19 0 0 1 5 3 4 6 0 7 2
18 0 0 1 5 3 4 0 6 7 2
18 0 0 4 5 3 2 0 6 7 1
18 0 0 5 0 3 2 4 6 7 1
18 0 0 2 5 0 3 4 6 7 1
18 0 0 3 1 5 0 4 6 7 2
17 0 0 5 6 3 1 4 0 7 2
17 0 0 5 3 0 1 4 6 7 2
17 0 0 1 5 7 3 4 6 0 2
17 0 0 4 1 5 3 0 6 7 2
16 0 0 1 6 5 3 4 0 7 2
16 0 0 0 1 5 3 4 6 7 2
17 0 0 1 0 5 3 4 6 7 2
16 0 0 2 5 3 1 0 6 7 4
15 0 0 2 5 3 0 4 6 7 1
15 0 0 2 5 3 1 4 6 0 7
16 0 0 2 5 3 1 4 6 7 0
15 0 0 0 5 3 2 4 6 7 1
14 0 0 1 5 3 2 0 6 7 4
13 0 0 1 5 3 2 4 6 0 7
16 0 0 1 5 3 2 4 6 7 0
16 0 0 1 5 0 3 4 6 7 2
15 0 0 1 5 3 0 4 6 7 2
14 0 0 5 0 3 1 4 6 7 2
19 0 0 0 5 3 1 4 6 7 2
20 0 0 4 5 3 1 0 6 7 2
21 0 0 4 5 3 1 6 0 7 2
21 0 0 4 5 0 3 6 7 2 1
20 0 0 0 5 3 1 6 7 2 4
19 0 0 4 5 3 1 0 7 2 6
18 0 0 4 5 3 0 6 7 2 1
21 0 0 4 5 3 1 6 7 2 0
0 0 0 4 5 3 1 6 7 0 2
