21 0 0 1 2 3 4 5 6 7 0
21 0 0 4 1 7 2 5 6 0 3
21 0 0 4 0 1 2 5 6 7 3
20 0 0 4 1 0 2 5 6 7 3
20 0 0 1 2 7 3 5 6 0 4
20 0 0 1 2 3 0 5 6 7 4
19 0 0 3 1 2 0 5 6 7 4
19 0 0 1 6 2 3 5 0 7 4
19 0 0 1 2 0 3 5 6 7 4
18 0 0 5 1 2 3 0 6 7 4
18 0 0 1 0 2 3 5 6 7 4
15 0 0 0 1 2 3 5 6 7 4
14 0 0 4 1 2 3 0 6 7 5
13 0 0 4 1 2 0 5 6 7 3
26 0 0 4 1 2 3 5 6 7 0
25 0 0 4 1 2 3 5 6 0 7
25 0 0 4 1 3 0 5 6 2 7
24 0 0 4 6 1 3 5 0 2 7
24 0 0 4 1 0 3 5 6 2 7
23 0 0 7 4 1 3 0 6 2 5
22 0 0 7 4 1 0 5 6 2 3
22 0 0 7 4 1 3 5 6 0 2
23 0 0 7 4 1 3 5 6 2 0
22 0 0 3 4 1 0 5 6 2 7
21 0 0 4 0 1 3 5 6 2 7
28 0 0 0 4 1 3 5 6 2 7
29 0 0 5 4 1 3 0 6 2 7
29 0 0 5 4 1 3 6 2 0 7
0 0 0 5 4 1 3 6 0 2 7
