0 0 2 1 2 3 4 5 6 7 0
0 0 2 5 2 3 4 0 6 7 1
0 0 4 0 2 3 4 5 6 7 1
0 0 6 2 0 3 4 5 6 7 1
0 0 8 2 3 0 4 5 6 7 1
0 0 6 2 3 4 0 5 6 7 1
0 0 6 5 3 4 2 0 6 7 1
0 0 6 3 0 4 2 5 6 7 1
0 0 4 0 3 4 2 5 6 7 1
0 0 4 1 3 4 2 0 6 7 5
0 0 4 1 3 4 2 5 6 0 7
0 0 8 1 3 4 2 5 6 7 0
0 0 4 1 6 3 4 5 0 7 2
0 0 4 4 1 3 0 5 6 7 2
0 0 2 2 1 3 4 0 6 7 5
0 0 2 2 1 3 0 5 6 7 4
0 0 2 2 1 3 4 5 6 0 7
0 0 4 2 1 3 4 5 6 7 0
0 0 4 5 1 3 4 0 6 7 2
0 0 4 0 1 3 4 5 6 7 2
0 0 6 1 0 3 4 5 6 7 2
0 0 6 1 3 4 0 5 6 7 2
0 0 14 1 3 0 4 5 6 7 2
0 0 14 3 6 7 4 5 0 2 1
0 0 14 3 7 0 4 5 6 2 1
0 0 12 4 3 7 0 5 6 2 1
0 0 12 5 3 7 4 0 6 2 1
0 0 12 3 0 7 4 5 6 2 1
0 0 10 0 3 7 4 5 6 2 1
0 0 10 1 3 7 4 0 6 2 5
0 0 10 1 3 7 0 5 6 2 4
0 0 14 1 3 7 4 5 6 2 0
0 0 14 1 3 7 4 5 6 0 2
0 0 14 1 3 7 4 5 0 6 2
0 0 14 1 3 7 4 0 5 6 2
0 0 14 3 5 7 2 4 0 6 1
0 0 14 3 7 0 2 4 5 6 1
0 0 12 4 3 7 2 0 5 6 1
0 0 12 3 0 7 2 4 5 6 1
0 0 10 0 3 7 2 4 5 6 1
0 0 10 1 3 7 2 0 5 6 4
0 0 10 1 3 7 2 4 5 0 6
0 0 14 1 3 7 2 4 5 6 0
0 0 12 1 3 6 7 4 5 0 2
0 0 10 1 5 3 7 4 0 6 2
0 0 10 7 1 3 0 4 5 6 2
0 0 8 2 1 3 7 0 5 6 4
0 0 8 2 1 3 0 4 5 6 7
0 0 8 2 1 3 7 4 5 0 6
0 0 10 2 1 3 7 4 5 6 0
0 0 10 4 1 3 7 0 5 6 2
0 0 10 0 1 3 7 4 5 6 2
0 0 12 1 0 3 7 4 5 6 2
0 0 14 1 3 0 7 4 5 6 2
0 0 14 1 3 7 0 4 5 6 2
0 0 14 4 3 7 1 0 5 6 2
0 0 14 3 0 7 1 4 5 6 2
0 0 12 0 3 7 1 4 5 6 2
0 0 12 2 3 7 1 0 5 6 4
0 0 12 2 3 7 1 4 5 0 6
0 0 14 2 3 7 1 4 5 6 0
0 0 12 2 3 6 7 4 5 0 1
0 0 12 2 3 7 0 4 5 6 1
0 0 10 2 5 3 7 4 0 6 1
0 0 10 2 3 0 7 4 5 6 1
0 0 8 7 2 3 0 4 5 6 1
0 0 8 4 2 3 7 0 5 6 1
0 0 8 2 0 3 7 4 5 6 1
0 0 6 0 2 3 7 4 5 6 1
0 0 6 1 2 3 7 0 5 6 4
0 0 6 1 2 3 0 4 5 6 7
0 0 18 1 2 3 7 4 5 6 0
0 0 18 1 2 3 7 4 5 0 6
0 0 18 1 2 3 7 4 0 5 6
0 0 18 1 3 0 7 4 2 5 6
0 0 18 1 0 3 7 4 2 5 6
0 0 16 0 1 3 7 4 2 5 6
0 0 16 6 1 3 7 0 2 5 4
0 0 16 6 1 3 0 4 2 5 7
0 0 26 6 1 3 7 4 2 5 0
0 0 26 6 1 3 7 4 2 0 5
0 0 26 6 1 7 0 4 2 3 5
0 0 26 6 1 0 7 4 2 3 5
0 0 24 7 6 1 0 4 2 3 5
0 0 24 4 6 1 7 0 2 3 5
0 0 24 6 0 1 7 4 2 3 5
0 0 22 0 6 1 7 4 2 3 5
0 0 22 5 6 1 7 0 2 3 4
0 0 22 5 6 1 0 4 2 3 7
0 0 28 5 6 1 7 4 2 3 0
0 0 28 5 6 1 7 4 2 0 3
0 0 0 5 6 1 7 4 0 2 3
