0 0 2 1 2 3 4 5 6 7 8 0
0 0 2 4 2 3 0 5 6 7 8 1
0 0 4 0 2 3 4 5 6 7 8 1
0 0 6 2 0 3 4 5 6 7 8 1
0 0 12 2 3 0 4 5 6 7 8 1
0 0 12 2 3 6 4 5 7 0 8 1
0 0 12 2 3 6 4 5 0 7 8 1
0 0 12 2 3 6 4 0 5 7 8 1
0 0 10 3 2 5 6 4 0 7 8 1
0 0 10 3 0 2 6 4 5 7 8 1
0 0 10 3 4 2 6 0 5 7 8 1
0 0 6 1 3 2 6 4 5 0 8 7
0 0 6 1 3 2 6 4 0 7 8 5
0 0 6 1 3 2 6 4 5 7 0 8
0 0 8 1 3 2 6 4 5 7 8 0
0 0 8 6 3 2 0 4 5 7 8 1
0 0 8 3 0 2 6 4 5 7 8 1
0 0 10 0 3 2 6 4 5 7 8 1
0 0 10 2 3 6 0 4 5 7 8 1
0 0 10 2 3 5 6 4 0 7 8 1
0 0 8 2 4 3 6 0 5 7 8 1
0 0 8 2 3 0 6 4 5 7 8 1
0 0 6 3 2 0 6 4 5 7 8 1
0 0 4 1 2 3 6 4 5 0 8 7
0 0 4 1 2 3 6 4 0 7 8 5
0 0 4 1 2 3 6 4 5 7 0 8
0 0 6 1 2 3 6 4 5 7 8 0
0 0 6 2 0 3 6 4 5 7 8 1
0 0 12 0 2 3 6 4 5 7 8 1
0 0 12 6 2 3 0 4 5 7 8 1
0 0 12 6 2 3 4 0 5 7 8 1
0 0 12 6 2 3 4 5 7 0 8 1
0 0 12 6 2 3 4 5 0 7 8 1
0 0 12 6 5 2 4 0 3 7 8 1
0 0 8 1 6 2 4 5 3 0 8 7
0 0 8 1 6 2 4 5 0 7 8 3
0 0 8 1 6 2 4 5 3 7 0 8
0 0 10 1 6 2 4 5 3 7 8 0
0 0 10 4 6 2 0 5 3 7 8 1
0 0 12 0 6 2 4 5 3 7 8 1
0 0 12 6 0 2 4 5 3 7 8 1
0 0 10 2 5 6 4 0 3 7 8 1
0 0 8 6 2 0 4 5 3 7 8 1
0 0 6 1 2 6 4 5 3 0 8 7
0 0 6 1 2 6 4 5 0 7 8 3
0 0 6 1 2 6 4 5 3 7 0 8
0 0 8 1 2 6 4 5 3 7 8 0
0 0 8 4 2 6 0 5 3 7 8 1
0 0 10 0 2 6 4 5 3 7 8 1
0 0 12 2 0 6 4 5 3 7 8 1
0 0 12 2 6 0 4 5 3 7 8 1
0 0 12 2 6 3 4 5 7 0 8 1
0 0 12 2 6 3 4 5 0 7 8 1
0 0 12 2 6 3 4 0 5 7 8 1
0 0 12 2 6 3 0 4 5 7 8 1
0 0 12 2 6 5 3 4 0 7 8 1
0 0 10 2 4 6 3 0 5 7 8 1
0 0 10 2 6 0 3 4 5 7 8 1
0 0 8 6 2 0 3 4 5 7 8 1
0 0 6 1 2 6 3 4 5 0 8 7
0 0 6 1 2 6 3 4 0 7 8 5
0 0 6 1 2 6 3 4 5 7 0 8
0 0 8 1 2 6 3 4 5 7 8 0
0 0 8 2 0 6 3 4 5 7 8 1
0 0 12 0 2 6 3 4 5 7 8 1
0 0 12 3 2 6 0 4 5 7 8 1
0 0 12 3 2 6 4 0 5 7 8 1
0 0 14 3 2 6 4 5 0 7 8 1
0 0 16 3 2 6 4 5 7 0 8 1
0 0 16 6 2 0 4 5 7 8 1 3
0 0 16 4 2 6 0 5 7 8 1 3
0 0 16 2 0 6 4 5 7 8 1 3
0 0 14 0 2 6 4 5 7 8 1 3
0 0 14 3 2 6 4 5 7 0 1 8
0 0 14 3 2 6 4 5 0 8 1 7
0 0 16 3 2 6 4 5 7 8 1 0
0 0 16 3 2 6 4 5 7 8 0 1
0 0 14 6 3 0 4 2 7 8 5 1
0 0 12 1 3 6 4 2 7 0 5 8
0 0 12 1 3 6 4 2 0 8 5 7
0 0 12 1 3 6 4 2 7 8 0 5
0 0 14 1 3 6 4 2 7 8 5 0
0 0 14 4 3 6 0 2 7 8 5 1
0 0 16 0 3 6 4 2 7 8 5 1
0 0 16 3 6 0 4 2 7 8 5 1
0 0 16 3 0 6 4 2 7 8 5 1
0 0 16 3 2 6 4 7 0 8 5 1
0 0 16 3 2 6 4 0 7 8 5 1
0 0 14 3 2 6 0 4 7 8 5 1
0 0 14 3 2 7 6 4 0 8 5 1
0 0 14 3 0 2 6 4 7 8 5 1
0 0 14 3 4 2 6 0 7 8 5 1
0 0 10 1 3 2 6 4 7 0 5 8
0 0 10 1 3 2 6 4 0 8 5 7
0 0 10 1 3 2 6 4 7 8 0 5
0 0 12 1 3 2 6 4 7 8 5 0
0 0 12 6 3 2 0 4 7 8 5 1
0 0 12 3 0 2 6 4 7 8 5 1
0 0 14 0 3 2 6 4 7 8 5 1
0 0 14 2 3 6 0 4 7 8 5 1
0 0 14 2 3 7 6 4 0 8 5 1
0 0 12 2 4 3 6 0 7 8 5 1
0 0 12 2 3 0 6 4 7 8 5 1
0 0 10 3 2 0 6 4 7 8 5 1
0 0 10 6 2 3 0 4 7 8 5 1
0 0 10 2 0 3 6 4 7 8 5 1
0 0 8 0 2 3 6 4 7 8 5 1
0 0 8 1 2 3 6 4 7 0 5 8
0 0 8 1 2 3 6 4 0 8 5 7
0 0 18 1 2 3 6 4 7 8 5 0
0 0 18 1 2 3 6 4 7 8 0 5
0 0 18 3 1 0 6 2 7 8 4 5
0 0 16 5 1 3 6 2 7 0 4 8
0 0 16 5 1 3 6 2 0 8 4 7
0 0 16 5 1 3 6 2 7 8 0 4
0 0 18 5 1 3 6 2 7 8 4 0
0 0 18 6 1 3 0 2 7 8 4 5
0 0 18 0 1 3 6 2 7 8 4 5
0 0 18 1 3 0 6 2 7 8 4 5
0 0 18 1 0 3 6 2 7 8 4 5
0 0 18 1 2 3 6 7 0 8 4 5
0 0 16 3 2 0 1 6 7 8 4 5
0 0 14 5 2 3 1 6 7 0 4 8
0 0 14 5 2 3 1 6 0 8 4 7
0 0 14 5 2 3 1 6 7 8 0 4
0 0 16 5 2 3 1 6 7 8 4 0
0 0 16 1 2 3 8 6 7 0 4 5
0 0 16 1 2 3 6 0 7 8 4 5
0 0 16 1 2 3 0 6 7 8 4 5
0 0 18 0 2 3 1 6 7 8 4 5
0 0 20 2 0 3 1 6 7 8 4 5
0 0 20 3 6 1 2 0 7 8 4 5
0 0 20 2 3 1 8 6 7 0 4 5
0 0 20 2 3 1 6 0 7 8 4 5
0 0 18 2 1 3 8 6 7 0 4 5
0 0 16 5 3 1 2 6 7 0 4 8
0 0 16 5 3 1 2 6 0 8 4 7
0 0 16 5 3 1 2 6 7 8 0 4
0 0 18 5 3 1 2 6 7 8 4 0
0 0 18 2 3 1 0 6 7 8 4 5
0 0 18 3 0 1 2 6 7 8 4 5
0 0 18 0 3 1 2 6 7 8 4 5
0 0 18 1 3 2 8 6 7 0 4 5
0 0 18 2 3 0 1 6 7 8 4 5
0 0 16 5 3 2 1 6 7 0 4 8
0 0 16 5 3 2 1 6 0 8 4 7
0 0 16 5 3 2 1 6 7 8 0 4
0 0 18 5 3 2 1 6 7 8 4 0
0 0 18 3 0 2 1 6 7 8 4 5
0 0 18 0 3 2 1 6 7 8 4 5
0 0 18 1 3 2 6 0 7 8 4 5
0 0 18 1 3 2 0 6 7 8 4 5
0 0 18 1 3 7 2 6 0 8 4 5
0 0 16 3 1 0 2 6 7 8 4 5
0 0 14 5 1 3 2 6 7 0 4 8
0 0 14 5 1 3 2 6 0 8 4 7
0 0 14 5 1 3 2 6 7 8 0 4
0 0 16 5 1 3 2 6 7 8 4 0
0 0 16 1 6 3 2 0 7 8 4 5
0 0 16 1 3 0 2 6 7 8 4 5
0 0 16 1 0 3 2 6 7 8 4 5
0 0 18 0 1 3 2 6 7 8 4 5
0 0 20 2 1 3 0 6 7 8 4 5
0 0 20 2 1 3 6 7 0 8 4 5
0 0 20 2 1 3 6 0 7 8 4 5
0 0 16 5 2 3 6 1 7 0 4 8
0 0 16 5 2 3 6 1 0 8 4 7
0 0 16 5 2 3 6 1 7 8 0 4
0 0 18 5 2 3 6 1 7 8 4 0
0 0 18 6 2 3 0 1 7 8 4 5
0 0 20 0 2 3 6 1 7 8 4 5
0 0 22 2 0 3 6 1 7 8 4 5
0 0 20 2 3 0 6 1 7 8 4 5
0 0 18 5 3 2 6 1 7 0 4 8
0 0 18 5 3 2 6 1 0 8 4 7
0 0 18 5 3 2 6 1 7 8 0 4
0 0 20 5 3 2 6 1 7 8 4 0
0 0 20 6 3 2 0 1 7 8 4 5
0 0 22 0 3 2 6 1 7 8 4 5
0 0 22 3 0 2 6 1 7 8 4 5
0 0 0 3 2 0 6 1 7 8 4 5
