0 0 2 1 2 3 4 5 6 7 0
0 0 2 5 2 3 4 0 6 7 1
0 0 4 0 2 3 4 5 6 7 1
0 0 6 2 0 3 4 5 6 7 1
0 0 8 2 3 0 4 5 6 7 1
0 0 10 2 3 4 0 5 6 7 1
0 0 10 3 6 4 5 2 0 7 1
0 0 10 3 4 0 5 2 6 7 1
0 0 8 5 3 4 0 2 6 7 1
0 0 6 1 3 4 0 2 6 7 5
0 0 6 1 3 4 5 2 6 0 7
0 0 8 1 3 4 5 2 6 7 0
0 0 8 3 0 4 5 2 6 7 1
0 0 10 0 3 4 5 2 6 7 1
0 0 10 2 3 4 5 6 0 7 1
0 0 8 2 3 4 5 0 6 7 1
0 0 8 2 3 4 0 1 6 7 5
0 0 8 2 3 4 5 1 6 0 7
0 0 10 2 3 4 5 1 6 7 0
0 0 10 3 0 4 5 1 6 7 2
0 0 10 0 3 4 5 1 6 7 2
0 0 12 1 3 4 5 0 6 7 2
0 0 14 1 3 4 5 6 0 7 2
0 0 14 3 7 4 5 6 0 2 1
0 0 14 3 4 0 5 6 7 2 1
0 0 12 5 3 4 0 6 7 2 1
0 0 12 6 3 4 5 0 7 2 1
0 0 12 3 0 4 5 6 7 2 1
0 0 10 0 3 4 5 6 7 2 1
0 0 10 1 3 4 5 0 7 2 6
0 0 10 1 3 4 0 6 7 2 5
0 0 14 1 3 4 5 6 7 2 0
0 0 12 1 3 4 5 6 7 0 2
0 0 12 1 3 5 0 6 7 4 2
0 0 10 5 1 3 0 6 7 4 2
0 0 8 2 1 3 5 0 7 4 6
0 0 8 2 1 3 0 6 7 4 5
0 0 8 2 1 3 5 6 7 0 4
0 0 10 2 1 3 5 6 7 4 0
0 0 10 1 7 3 5 6 0 4 2
0 0 10 1 3 0 5 6 7 4 2
0 0 10 1 0 3 5 6 7 4 2
0 0 18 0 1 3 5 6 7 4 2
0 0 20 6 1 3 5 0 7 4 2
0 0 20 6 1 3 5 7 0 4 2
0 0 18 1 4 3 5 7 0 2 6
0 0 18 5 1 3 0 7 4 2 6
0 0 16 6 1 3 5 0 4 2 7
0 0 16 6 1 3 0 7 4 2 5
0 0 16 6 1 3 5 7 4 0 2
0 0 18 6 1 3 5 7 4 2 0
0 0 18 7 1 3 5 0 4 2 6
0 0 18 0 1 3 5 7 4 2 6
0 0 18 1 3 0 5 7 4 2 6
0 0 0 1 0 3 5 7 4 2 6
