0 0 2 1 2 3 4 5 6 7 0
0 0 2 5 2 3 4 0 6 7 1
0 0 4 0 2 3 4 5 6 7 1
0 0 6 2 0 3 4 5 6 7 1
0 0 8 2 3 0 4 5 6 7 1
0 0 6 2 3 4 0 5 6 7 1
0 0 6 5 3 4 2 0 6 7 1
0 0 6 3 0 4 2 5 6 7 1
0 0 4 0 3 4 2 5 6 7 1
0 0 4 1 3 4 2 0 6 7 5
0 0 4 1 3 4 2 5 6 0 7
0 0 8 1 3 4 2 5 6 7 0
0 0 4 1 6 3 4 5 0 7 2
0 0 4 4 1 3 0 5 6 7 2
0 0 2 2 1 3 4 0 6 7 5
0 0 2 2 1 3 0 5 6 7 4
0 0 2 2 1 3 4 5 6 0 7
0 0 4 2 1 3 4 5 6 7 0
0 0 4 5 1 3 4 0 6 7 2
0 0 4 0 1 3 4 5 6 7 2
0 0 6 1 0 3 4 5 6 7 2
0 0 6 1 3 4 0 5 6 7 2
0 0 14 1 3 0 4 5 6 7 2
0 0 14 3 6 7 4 5 0 2 1
0 0 14 3 7 0 4 5 6 2 1
0 0 12 4 3 7 0 5 6 2 1
0 0 12 5 3 7 4 0 6 2 1
0 0 12 3 0 7 4 5 6 2 1
0 0 10 0 3 7 4 5 6 2 1
0 0 10 1 3 7 4 0 6 2 5
0 0 10 1 3 7 0 5 6 2 4
0 0 14 1 3 7 4 5 6 2 0
0 0 14 1 3 7 4 5 6 0 2
0 0 14 1 3 7 4 5 0 6 2
0 0 14 1 3 7 4 0 5 6 2
0 0 14 3 5 7 2 4 0 6 1
0 0 14 3 7 0 2 4 5 6 1
0 0 12 4 3 7 2 0 5 6 1
0 0 12 3 0 7 2 4 5 6 1
0 0 10 0 3 7 2 4 5 6 1
0 0 10 1 3 7 2 0 5 6 4
0 0 10 1 3 7 2 4 5 0 6
0 0 14 1 3 7 2 4 5 6 0
0 0 12 1 3 6 7 4 5 0 2
0 0 10 1 5 3 7 4 0 6 2
0 0 10 7 1 3 0 4 5 6 2
0 0 8 2 1 3 7 0 5 6 4
0 0 8 2 1 3 0 4 5 6 7
0 0 8 2 1 3 7 4 5 0 6
0 0 10 2 1 3 7 4 5 6 0
0 0 10 4 1 3 7 0 5 6 2
0 0 10 0 1 3 7 4 5 6 2
0 0 12 1 0 3 7 4 5 6 2
0 0 14 1 3 0 7 4 5 6 2
0 0 14 1 3 7 0 4 5 6 2
0 0 14 4 3 7 1 0 5 6 2
0 0 14 3 0 7 1 4 5 6 2
0 0 12 0 3 7 1 4 5 6 2
0 0 12 2 3 7 1 0 5 6 4
0 0 12 2 3 7 1 4 5 0 6
0 0 14 2 3 7 1 4 5 6 0
0 0 12 2 3 6 7 4 5 0 1
0 0 12 2 3 7 0 4 5 6 1
0 0 10 2 5 3 7 4 0 6 1
0 0 10 2 3 0 7 4 5 6 1
0 0 8 7 2 3 0 4 5 6 1
0 0 8 2 0 3 7 4 5 6 1
0 0 6 0 2 3 7 4 5 6 1
0 0 6 1 2 3 0 4 5 6 7
0 0 6 1 2 3 7 4 5 0 6
0 0 14 1 2 3 7 4 5 6 0
0 0 14 7 2 3 0 1 5 6 4
0 0 12 4 2 3 0 1 5 6 7
0 0 12 4 2 3 7 1 5 0 6
0 0 14 4 2 3 7 1 5 6 0
0 0 14 2 0 3 7 1 5 6 4
0 0 14 0 2 3 7 1 5 6 4
0 0 14 3 5 4 1 7 0 6 2
0 0 14 3 4 0 1 7 5 6 2
0 0 14 3 4 6 2 7 5 0 1
0 0 12 0 3 4 1 7 5 6 2
0 0 12 3 5 4 2 7 0 6 1
0 0 12 3 4 0 2 7 5 6 1
0 0 12 7 3 4 1 0 5 6 2
0 0 12 3 0 4 1 7 5 6 2
0 0 10 0 3 4 1 7 5 6 2
0 0 10 2 3 4 1 0 5 6 7
0 0 10 2 3 4 1 7 5 0 6
0 0 12 2 3 4 1 7 5 6 0
0 0 12 0 2 3 1 7 5 6 4
0 0 12 1 2 3 7 0 5 6 4
0 0 12 1 2 6 3 7 5 0 4
0 0 12 1 5 2 3 7 0 6 4
0 0 12 3 1 2 0 7 5 6 4
0 0 10 4 1 2 3 0 5 6 7
0 0 10 4 1 2 0 7 5 6 3
0 0 10 4 1 2 3 7 5 0 6
0 0 12 4 1 2 3 7 5 6 0
0 0 12 7 1 2 3 0 5 6 4
0 0 12 0 1 2 3 7 5 6 4
0 0 12 1 0 2 3 7 5 6 4
0 0 12 1 2 0 3 7 5 6 4
0 0 12 4 2 3 7 0 5 6 1
0 0 12 7 2 3 1 0 5 6 4
0 0 12 2 0 3 1 7 5 6 4
0 0 10 0 2 3 1 7 5 6 4
0 0 10 4 2 3 1 0 5 6 7
0 0 10 4 2 3 1 7 5 0 6
0 0 12 4 2 3 1 7 5 6 0
0 0 12 4 2 6 3 7 5 0 1
0 0 12 4 5 2 3 7 0 6 1
0 0 10 3 4 2 0 7 5 6 1
0 0 8 1 4 2 3 0 5 6 7
0 0 8 1 4 2 0 7 5 6 3
0 0 8 1 4 2 3 7 5 0 6
0 0 10 1 4 2 3 7 5 6 0
0 0 10 7 4 2 3 0 5 6 1
0 0 12 0 4 2 3 7 5 6 1
0 0 12 4 0 2 3 7 5 6 1
0 0 12 4 2 0 3 7 5 6 1
0 0 10 2 3 6 4 7 5 0 1
0 0 8 2 5 3 4 7 0 6 1
0 0 6 4 2 3 0 7 5 6 1
0 0 4 1 2 3 4 0 5 6 7
0 0 4 1 2 3 0 7 5 6 4
0 0 4 1 2 3 4 7 5 0 6
0 0 6 1 2 3 4 7 5 6 0
0 0 6 7 2 3 4 0 5 6 1
0 0 8 0 2 3 4 7 5 6 1
0 0 10 2 0 3 4 7 5 6 1
0 0 12 2 3 0 4 7 5 6 1
0 0 10 2 3 4 0 7 5 6 1
0 0 10 7 3 4 2 0 5 6 1
0 0 10 3 0 4 2 7 5 6 1
0 0 8 0 3 4 2 7 5 6 1
0 0 8 1 3 4 2 0 5 6 7
0 0 8 1 3 4 2 7 5 0 6
0 0 12 1 3 4 2 7 5 6 0
0 0 10 1 3 6 4 7 5 0 2
0 0 8 1 5 3 4 7 0 6 2
0 0 8 4 1 3 0 7 5 6 2
0 0 6 2 1 3 4 0 5 6 7
0 0 6 2 1 3 0 7 5 6 4
0 0 6 2 1 3 4 7 5 0 6
0 0 8 2 1 3 4 7 5 6 0
0 0 8 7 1 3 4 0 5 6 2
0 0 8 0 1 3 4 7 5 6 2
0 0 10 1 0 3 4 7 5 6 2
0 0 12 1 3 0 4 7 5 6 2
0 0 14 1 3 4 0 7 5 6 2
0 0 14 7 3 4 0 1 5 6 2
0 0 12 2 3 4 0 1 5 6 7
0 0 12 2 3 4 7 1 5 0 6
0 0 14 2 3 4 7 1 5 6 0
0 0 14 3 0 4 7 1 5 6 2
0 0 14 0 3 4 7 1 5 6 2
0 0 14 1 4 6 7 5 3 0 2
0 0 14 1 4 7 0 5 3 6 2
0 0 12 7 1 4 0 5 3 6 2
0 0 10 2 1 4 7 0 3 6 5
0 0 10 2 1 4 0 5 3 6 7
0 0 10 2 1 4 7 5 3 0 6
0 0 12 2 1 4 7 5 3 6 0
0 0 12 5 1 4 7 0 3 6 2
0 0 12 0 1 4 7 5 3 6 2
0 0 12 1 4 0 7 5 3 6 2
0 0 14 1 0 4 7 5 3 6 2
0 0 12 2 3 7 1 0 6 4 5
0 0 12 2 3 7 1 5 6 0 4
0 0 14 2 3 7 1 5 6 4 0
0 0 14 5 3 7 1 0 6 4 2
0 0 14 3 0 7 1 5 6 4 2
0 0 14 0 3 7 1 5 6 4 2
0 0 14 1 3 7 5 0 6 4 2
0 0 14 3 6 7 2 5 0 4 1
0 0 14 3 7 0 2 5 6 4 1
0 0 12 5 3 7 2 0 6 4 1
0 0 12 3 0 7 2 5 6 4 1
0 0 10 0 3 7 2 5 6 4 1
0 0 10 1 3 7 2 0 6 4 5
0 0 10 1 3 7 2 5 6 0 4
0 0 14 1 3 7 2 5 6 4 0
0 0 10 1 6 3 7 5 0 4 2
0 0 10 7 1 3 0 5 6 4 2
0 0 8 2 1 3 7 0 6 4 5
0 0 8 2 1 3 0 5 6 4 7
0 0 8 2 1 3 7 5 6 0 4
0 0 10 2 1 3 7 5 6 4 0
0 0 10 5 1 3 7 0 6 4 2
0 0 10 0 1 3 7 5 6 4 2
0 0 12 1 0 3 7 5 6 4 2
0 0 12 1 3 7 0 5 6 4 2
0 0 14 1 3 0 7 5 6 4 2
0 0 14 3 6 4 7 5 0 2 1
0 0 14 3 4 0 7 5 6 2 1
0 0 12 7 3 4 0 5 6 2 1
0 0 12 5 3 4 7 0 6 2 1
0 0 12 3 0 4 7 5 6 2 1
0 0 10 0 3 4 7 5 6 2 1
0 0 10 1 3 4 7 0 6 2 5
0 0 10 1 3 4 0 5 6 2 7
0 0 14 1 3 4 7 5 6 2 0
0 0 14 1 3 4 7 5 6 0 2
0 0 14 1 3 4 7 5 0 6 2
0 0 12 7 3 4 0 2 5 6 1
0 0 10 1 3 4 7 0 5 6 2
0 0 10 1 3 4 0 2 5 6 7
0 0 10 1 3 4 7 2 5 0 6
0 0 12 1 3 4 7 2 5 6 0
0 0 12 3 0 4 7 2 5 6 1
0 0 14 0 3 4 7 2 5 6 1
0 0 14 2 3 4 7 0 5 6 1
0 0 14 2 3 4 7 5 0 6 1
0 0 14 7 3 4 0 5 6 1 2
0 0 14 5 3 4 7 0 6 1 2
0 0 14 3 0 4 7 5 6 1 2
0 0 12 0 3 4 7 5 6 1 2
0 0 12 2 3 4 7 0 6 1 5
0 0 12 2 3 4 0 5 6 1 7
0 0 14 2 3 4 7 5 6 1 0
0 0 12 2 3 4 7 5 6 0 1
0 0 12 2 3 7 0 5 6 4 1
0 0 10 2 6 3 7 5 0 4 1
0 0 10 2 3 0 7 5 6 4 1
0 0 8 7 2 3 0 5 6 4 1
0 0 8 5 2 3 7 0 6 4 1
0 0 8 2 0 3 7 5 6 4 1
0 0 6 0 2 3 7 5 6 4 1
0 0 6 1 2 3 7 0 6 4 5
0 0 6 1 2 3 0 5 6 4 7
0 0 14 1 2 3 7 5 6 4 0
0 0 14 1 2 3 7 5 6 0 4
0 0 14 1 2 3 7 5 0 6 4
0 0 14 1 3 0 7 5 2 6 4
0 0 14 1 0 3 7 5 2 6 4
0 0 12 0 1 3 7 5 2 6 4
0 0 12 4 1 3 7 0 2 6 5
0 0 12 4 1 3 0 5 2 6 7
0 0 24 4 1 3 7 5 2 6 0
0 0 24 4 1 3 7 5 2 0 6
0 0 24 4 1 3 7 5 0 2 6
0 0 24 4 3 0 7 5 1 2 6
0 0 22 7 4 3 0 5 1 2 6
0 0 22 5 4 3 7 0 1 2 6
0 0 22 4 0 3 7 5 1 2 6
0 0 20 0 4 3 7 5 1 2 6
0 0 20 6 4 3 7 0 1 2 5
0 0 20 6 4 3 0 5 1 2 7
0 0 24 6 4 3 7 5 1 2 0
0 0 24 6 4 3 7 5 1 0 2
0 0 0 6 4 3 7 5 0 1 2
