0 0 5 2 1 8 0 4 6 7 3
4 1 5 2 1 8 4 0 6 7 3
6 1 5 2 1 8 4 6 0 7 3
7 1 5 2 1 8 4 6 7 0 3
3 1 5 2 1 8 4 6 7 3 0
5 3 0 2 1 8 4 6 7 3 5
1 2 1 2 0 8 4 6 7 3 5
8 3 1 2 8 0 4 6 7 3 5
4 1 1 2 8 4 0 6 7 3 5
3 1 1 2 8 4 3 6 7 0 5
5 1 1 2 8 4 3 6 7 5 0
1 3 0 2 8 4 3 6 7 5 1
2 1 2 0 8 4 3 6 7 5 1
3 1 2 3 8 4 0 6 7 5 1
5 1 2 3 8 4 5 6 7 0 1
7 1 2 3 8 4 5 6 0 7 1
6 1 2 3 8 4 5 0 6 7 1
8 1 2 3 0 4 5 8 6 7 1
3 1 2 0 3 4 5 8 6 7 1
5 1 2 5 3 4 0 8 6 7 1
8 1 2 5 3 4 8 0 6 7 1
6 1 2 5 3 4 8 6 0 7 1
7 1 2 5 3 4 8 6 7 0 1
8 1 2 5 3 4 0 6 7 8 1
5 1 2 0 3 4 5 6 7 8 1
2 1 0 2 3 4 5 6 7 8 1
1 3 1 2 3 4 5 6 7 8 0
