29 0 0 1 2 3 4 5 6 7 0
29 0 0 1 2 0 3 5 6 7 4
28 0 0 2 6 3 1 5 0 7 4
28 0 0 1 2 3 0 5 6 7 4
27 0 0 5 2 3 1 0 6 7 4
28 0 0 0 2 3 1 5 6 7 4
29 0 0 2 0 3 1 5 6 7 4
28 0 0 2 3 0 1 5 6 7 4
28 0 0 3 1 7 4 5 6 0 2
28 0 0 3 1 4 0 5 6 7 2
27 0 0 3 6 1 4 5 0 7 2
27 0 0 3 1 0 4 5 6 7 2
25 0 0 4 3 1 0 5 6 7 2
24 0 0 5 3 1 4 0 6 7 2
24 0 0 3 0 1 4 5 6 7 2
21 0 0 0 3 1 4 5 6 7 2
20 0 0 2 3 1 4 0 6 7 5
19 0 0 2 3 1 0 5 6 7 4
32 0 0 2 3 1 4 5 6 7 0
31 0 0 2 3 1 4 0 5 6 7
31 0 0 2 3 1 4 5 6 0 7
29 0 0 2 1 6 4 5 3 0 7
29 0 0 2 1 4 0 5 3 6 7
28 0 0 2 3 1 4 5 0 6 7
28 0 0 2 1 0 4 5 3 6 7
25 0 0 2 0 1 4 5 3 6 7
32 0 0 0 2 1 4 5 3 6 7
32 0 0 5 2 1 4 3 0 6 7
32 0 0 5 0 1 7 4 2 3 6
32 0 0 5 2 1 7 0 4 3 6
31 0 0 5 2 1 7 4 0 3 6
31 0 0 5 2 1 4 0 3 6 7
31 0 0 2 3 1 7 0 4 6 5
31 0 0 2 3 1 7 4 6 0 5
31 0 0 5 3 2 1 4 0 6 7
31 0 0 1 5 2 0 4 3 6 7
30 0 0 4 5 2 1 0 3 6 7
31 0 0 0 5 2 1 4 3 6 7
31 0 0 5 0 1 7 3 2 6 4
31 0 0 5 2 1 7 3 6 0 4
29 0 0 2 0 1 4 5 3 6 7
26 0 0 0 2 1 4 5 3 6 7
24 0 0 7 2 1 4 5 3 0 6
31 0 0 7 2 1 4 5 3 6 0
31 0 0 7 2 0 1 5 3 6 4
31 0 0 1 3 7 2 5 0 6 4
31 0 0 1 7 0 2 5 3 6 4
30 0 0 5 1 7 2 0 3 6 4
30 0 0 1 0 7 2 5 3 6 4
31 0 0 0 1 7 2 5 3 6 4
30 0 0 7 3 1 0 4 5 6 2
29 0 0 4 3 1 7 0 5 6 2
29 0 0 3 0 1 7 4 5 6 2
26 0 0 0 3 1 7 4 5 6 2
24 0 0 2 3 1 0 4 5 6 7
24 0 0 2 3 1 7 4 5 0 6
31 0 0 2 3 1 7 4 5 6 0
31 0 0 4 3 1 7 0 5 6 2
30 0 0 4 3 1 0 2 5 6 7
30 0 0 4 3 1 7 2 5 0 6
31 0 0 4 3 1 7 2 5 6 0
31 0 0 3 6 1 7 5 0 4 2
31 0 0 3 1 0 7 5 6 4 2
31 0 0 4 2 3 7 0 6 1 5
30 0 0 4 2 3 0 5 6 1 7
30 0 0 4 2 3 7 5 6 0 1
31 0 0 4 2 3 7 5 6 1 0
30 0 0 2 6 3 7 5 0 1 4
30 0 0 7 2 3 0 5 6 1 4
29 0 0 5 2 3 7 0 6 1 4
30 0 0 0 2 3 7 5 6 1 4
31 0 0 2 0 3 7 5 6 1 4
31 0 0 2 3 7 0 5 6 1 4
31 0 0 2 3 1 5 0 4 6 7
31 0 0 2 3 1 5 4 6 0 7
29 0 0 2 1 6 5 4 3 0 7
29 0 0 2 1 5 0 4 3 6 7
28 0 0 2 3 1 5 4 0 6 7
28 0 0 2 1 0 5 4 3 6 7
25 0 0 4 2 1 5 0 3 6 7
25 0 0 2 0 1 5 4 3 6 7
30 0 0 0 2 1 5 4 3 6 7
29 0 0 4 1 7 0 5 3 6 2
29 0 0 1 3 7 4 5 0 6 2
29 0 0 1 7 0 4 5 3 6 2
28 0 0 5 1 7 4 0 3 6 2
28 0 0 1 0 7 4 5 3 6 2
25 0 0 0 1 7 4 5 3 6 2
23 0 0 2 1 7 4 5 3 0 6
30 0 0 2 1 7 4 5 3 6 0
30 0 0 2 3 0 7 5 6 1 4
29 0 0 7 3 1 0 5 6 4 2
28 0 0 5 3 1 7 0 6 4 2
28 0 0 3 0 1 7 5 6 4 2
25 0 0 0 3 1 7 5 6 4 2
24 0 0 2 3 1 7 0 6 4 5
23 0 0 2 3 1 0 5 6 4 7
30 0 0 2 3 1 7 5 6 4 0
30 0 0 7 3 1 0 2 5 6 4
29 0 0 3 0 1 7 2 5 6 4
30 0 0 0 3 1 7 2 5 6 4
29 0 0 2 3 1 7 0 5 6 4
29 0 0 2 3 1 7 5 6 0 4
27 0 0 2 1 6 7 5 3 0 4
27 0 0 2 1 7 0 5 3 6 4
26 0 0 2 3 1 7 5 0 6 4
26 0 0 2 1 0 7 5 3 6 4
24 0 0 7 2 1 0 5 3 6 4
23 0 0 2 0 1 7 5 3 6 4
30 0 0 0 2 1 7 5 3 6 4
30 0 0 5 2 1 7 3 0 6 4
30 0 0 5 2 6 1 4 3 0 7
30 0 0 5 0 2 1 4 3 6 7
29 0 0 5 2 0 1 4 3 6 7
29 0 0 2 1 6 7 4 3 0 5
29 0 0 2 1 7 0 4 3 6 5
28 0 0 2 3 1 7 4 0 6 5
28 0 0 2 1 0 7 4 3 6 5
26 0 0 7 2 1 0 4 3 6 5
25 0 0 4 2 1 7 0 3 6 5
25 0 0 2 0 1 7 4 3 6 5
22 0 0 0 2 1 7 4 3 6 5
21 0 0 5 2 1 7 0 3 6 4
20 0 0 5 2 1 0 4 3 6 7
31 0 0 5 2 1 7 4 3 6 0
29 0 0 2 5 7 6 4 0 3 1
29 0 0 2 7 0 6 4 5 3 1
28 0 0 1 2 7 6 0 5 3 4
27 0 0 1 2 7 6 4 5 0 3
28 0 0 1 2 7 6 4 5 3 0
26 0 0 4 2 7 6 0 5 3 1
26 0 0 2 0 7 6 4 5 3 1
31 0 0 0 2 7 6 4 5 3 1
30 0 0 6 2 3 0 1 4 5 7
30 0 0 6 2 3 7 1 4 0 5
31 0 0 6 2 3 7 1 4 5 0
31 0 0 1 6 3 7 0 2 5 4
30 0 0 1 6 3 0 4 2 5 7
30 0 0 1 6 3 7 4 2 0 5
31 0 0 1 6 3 7 4 2 5 0
31 0 0 7 2 3 1 0 4 5 6
30 0 0 7 2 3 1 6 4 0 5
31 0 0 7 2 3 1 6 4 5 0
31 0 0 7 2 0 3 6 4 5 1
30 0 0 2 4 3 0 1 6 5 7
30 0 0 2 4 3 7 1 6 0 5
31 0 0 2 4 3 7 1 6 5 0
31 0 0 1 4 3 7 0 6 5 2
30 0 0 1 4 3 0 2 6 5 7
30 0 0 1 4 3 7 2 6 0 5
31 0 0 1 4 3 7 2 6 5 0
30 0 0 7 4 3 0 2 6 5 1
29 0 0 4 0 3 7 2 6 5 1
30 0 0 0 4 3 7 2 6 5 1
31 0 0 2 4 3 7 0 6 5 1
31 0 0 2 4 3 7 6 5 0 1
31 0 0 0 2 7 1 4 5 3 6
30 0 0 6 2 7 1 0 5 3 4
29 0 0 6 2 7 1 4 5 0 3
30 0 0 6 2 7 1 4 5 3 0
29 0 0 2 3 5 7 6 4 0 1
29 0 0 2 3 7 0 6 4 5 1
26 0 0 2 4 3 7 6 0 5 1
26 0 0 2 3 0 7 6 4 5 1
25 0 0 1 2 3 7 0 4 5 6
24 0 0 1 2 3 0 6 4 5 7
24 0 0 1 2 3 7 6 4 0 5
25 0 0 1 2 3 7 6 4 5 0
24 0 0 7 2 3 0 6 4 5 1
23 0 0 2 0 3 7 6 4 5 1
30 0 0 0 2 3 7 6 4 5 1
30 0 0 7 6 3 0 4 2 5 1
29 0 0 4 6 3 7 0 2 5 1
30 0 0 0 6 3 7 4 2 5 1
30 0 0 6 3 0 7 4 2 5 1
29 0 0 0 2 3 7 4 5 1 6
29 0 0 6 0 3 7 4 2 5 1
29 0 0 6 2 3 7 0 4 5 1
28 0 0 6 2 3 7 4 0 5 1
28 0 0 6 2 3 7 0 5 1 4
27 0 0 6 2 3 0 4 5 1 7
28 0 0 6 2 3 7 4 5 1 0
27 0 0 6 2 3 7 4 5 0 1
27 0 0 6 2 7 0 4 5 3 1
27 0 0 1 6 2 7 0 5 3 4
26 0 0 1 6 2 0 4 5 3 7
26 0 0 1 6 2 7 4 5 0 3
27 0 0 1 6 2 7 4 5 3 0
26 0 0 7 6 2 0 4 5 3 1
25 0 0 4 6 2 7 0 5 3 1
26 0 0 0 6 2 7 4 5 3 1
26 0 0 6 2 0 7 4 5 3 1
31 0 0 6 0 2 7 4 5 3 1
31 0 0 6 5 2 7 0 4 3 1
31 0 0 1 6 5 7 0 3 2 4
30 0 0 1 6 5 0 4 3 2 7
30 0 0 1 6 5 7 4 3 0 2
31 0 0 1 6 5 7 4 3 2 0
30 0 0 6 3 5 7 4 0 2 1
30 0 0 7 6 5 0 4 3 2 1
29 0 0 4 6 5 7 0 3 2 1
30 0 0 0 6 5 7 4 3 2 1
31 0 0 6 0 5 7 4 3 2 1
31 0 0 6 5 7 0 4 3 2 1
30 0 0 6 5 0 7 4 3 2 1
30 0 0 6 5 2 7 4 0 3 1
30 0 0 5 2 1 7 4 3 0 6
30 0 0 5 2 7 0 4 3 1 6
29 0 0 5 3 2 7 4 0 1 6
29 0 0 5 2 0 7 4 3 1 6
28 0 0 6 5 2 7 0 3 1 4
27 0 0 6 5 2 0 4 3 1 7
27 0 0 6 5 2 7 4 3 0 1
28 0 0 6 5 2 7 4 3 1 0
27 0 0 7 5 2 0 4 3 1 6
26 0 0 5 0 2 7 4 3 1 6
31 0 0 0 5 2 7 4 3 1 6
31 0 0 4 5 2 7 3 0 1 6
0 0 0 4 5 2 7 0 3 1 6
