0 0 3 2 0 6 1 7 8 4 5
2 1 3 0 2 6 1 7 8 4 5
3 1 0 3 2 6 1 7 8 4 5
2 2 2 3 0 6 1 7 8 4 5
3 1 2 0 3 6 1 7 8 4 5
1 1 2 1 3 6 0 7 8 4 5
6 1 2 1 3 0 6 7 8 4 5
2 1 0 1 3 2 6 7 8 4 5
1 1 1 0 3 2 6 7 8 4 5
3 1 1 3 0 2 6 7 8 4 5
2 3 1 3 2 0 6 7 8 4 5
1 1 0 3 2 1 6 7 8 4 5
2 2 2 3 0 1 6 7 8 4 5
3 1 2 0 3 1 6 7 8 4 5
2 1 0 2 3 1 6 7 8 4 5
1 1 1 2 3 0 6 7 8 4 5
6 1 1 2 3 6 0 7 8 4 5
4 1 1 2 3 6 4 7 8 0 5
5 1 1 2 3 6 4 7 8 5 0
1 3 0 2 3 6 4 7 8 5 1
3 2 3 2 0 6 4 7 8 5 1
6 3 3 2 6 0 4 7 8 5 1
4 1 3 2 6 4 0 7 8 5 1
5 1 3 2 6 4 5 7 8 0 1
8 1 3 2 6 4 5 7 0 8 1
7 1 3 2 6 4 5 0 7 8 1
5 1 3 2 6 4 0 5 7 8 1
4 1 3 2 6 0 4 5 7 8 1
3 1 0 2 6 3 4 5 7 8 1
2 1 2 0 6 3 4 5 7 8 1
6 1 2 6 0 3 4 5 7 8 1
3 3 2 6 3 0 4 5 7 8 1
4 1 2 6 3 4 0 5 7 8 1
5 1 2 6 3 4 5 0 7 8 1
3 1 2 6 0 4 5 3 7 8 1
6 1 2 0 6 4 5 3 7 8 1
2 1 0 2 6 4 5 3 7 8 1
6 2 6 2 0 4 5 3 7 8 1
3 1 6 2 3 4 5 0 7 8 1
5 1 6 2 3 4 0 5 7 8 1
4 1 6 2 3 0 4 5 7 8 1
6 1 0 2 3 6 4 5 7 8 1
2 1 2 0 3 6 4 5 7 8 1
3 1 2 3 0 6 4 5 7 8 1
6 3 2 3 6 0 4 5 7 8 1
4 1 2 3 6 4 0 5 7 8 1
5 1 2 3 6 4 5 0 7 8 1
6 1 2 3 0 4 5 6 7 8 1
3 1 2 0 3 4 5 6 7 8 1
2 1 0 2 3 4 5 6 7 8 1
1 3 1 2 3 4 5 6 7 8 0
