18 0 0 1 2 3 4 5 6 7 0
16 0 0 2 0 3 4 5 6 7 1
21 0 0 0 2 3 4 5 6 7 1
21 0 0 4 2 7 3 5 6 0 1
21 0 0 4 0 2 3 5 6 7 1
19 0 0 4 2 3 1 5 6 0 7
20 0 0 4 2 3 1 5 6 7 0
20 0 0 4 2 0 3 5 6 7 1
21 0 0 4 2 3 0 5 6 7 1
21 0 0 3 5 7 2 4 6 0 1
21 0 0 3 5 2 0 4 6 7 1
20 0 0 4 0 3 2 5 6 7 1
21 0 0 0 4 3 2 5 6 7 1
21 0 0 2 4 7 3 5 6 0 1
21 0 0 1 2 4 3 0 6 7 5
20 0 0 1 2 4 0 5 6 7 3
20 0 0 1 2 4 3 5 6 0 7
21 0 0 1 2 4 3 5 6 7 0
20 0 0 2 6 4 3 5 0 7 1
20 0 0 3 2 4 0 5 6 7 1
19 0 0 5 2 4 3 0 6 7 1
20 0 0 0 2 4 3 5 6 7 1
21 0 0 2 0 4 3 5 6 7 1
21 0 0 0 4 3 1 5 6 7 2
19 0 0 2 4 3 1 5 6 0 7
20 0 0 2 4 3 1 5 6 7 0
20 0 0 2 4 0 3 5 6 7 1
21 0 0 2 4 3 0 5 6 7 1
21 0 0 5 2 7 3 4 6 0 1
21 0 0 5 0 2 3 4 6 7 1
21 0 0 3 0 5 2 1 6 7 4
18 0 0 2 3 5 4 6 0 7 1
15 0 0 2 3 5 4 0 6 7 1
14 0 0 2 3 5 4 1 6 0 7
21 0 0 2 3 5 4 1 6 7 0
20 0 0 2 3 7 5 1 6 0 4
19 0 0 4 2 3 0 1 6 7 5
19 0 0 4 2 3 5 1 6 0 7
20 0 0 4 2 3 5 1 6 7 0
13 0 0 1 2 3 0 4 6 7 5
13 0 0 1 2 3 5 4 6 0 7
20 0 0 1 2 3 5 4 6 7 0
19 0 0 1 2 3 5 6 0 7 4
19 0 0 5 2 3 0 1 6 7 4
18 0 0 1 2 3 5 0 6 7 4
19 0 0 0 2 3 5 1 6 7 4
19 0 0 2 6 3 5 1 0 7 4
20 0 0 2 0 3 5 1 6 7 4
21 0 0 2 3 0 5 1 6 7 4
20 0 0 2 3 5 0 1 6 7 4
13 0 0 2 1 3 0 4 6 7 5
13 0 0 2 1 3 5 4 6 0 7
20 0 0 2 1 3 5 4 6 7 0
20 0 0 3 6 5 4 1 0 7 2
20 0 0 3 5 0 4 1 6 7 2
18 0 0 2 3 5 4 1 6 0 7
19 0 0 2 3 5 4 1 6 7 0
18 0 0 3 6 5 4 2 0 7 1
18 0 0 3 5 0 4 2 6 7 1
18 0 0 2 3 5 4 6 0 7 1
15 0 0 2 3 5 4 0 6 7 1
15 0 0 3 0 5 4 2 6 7 1
20 0 0 0 3 5 4 2 6 7 1
20 0 0 4 1 5 0 6 3 7 2
20 0 0 0 3 5 2 1 6 7 4
20 0 0 1 3 5 2 6 0 7 4
19 0 0 4 2 3 0 1 6 7 5
19 0 0 4 2 3 5 1 6 0 7
20 0 0 4 2 3 5 1 6 7 0
20 0 0 5 2 3 1 0 6 7 4
19 0 0 5 2 3 1 4 6 0 7
20 0 0 5 2 3 1 4 6 7 0
20 0 0 5 2 0 3 4 6 7 1
19 0 0 2 4 3 0 1 6 7 5
19 0 0 2 4 3 5 1 6 0 7
20 0 0 2 4 3 5 1 6 7 0
19 0 0 2 4 3 5 6 0 7 1
18 0 0 4 3 7 5 2 6 0 1
18 0 0 1 4 3 5 0 6 7 2
17 0 0 1 4 3 0 2 6 7 5
17 0 0 1 4 3 5 2 6 0 7
18 0 0 1 4 3 5 2 6 7 0
17 0 0 4 6 3 5 2 0 7 1
17 0 0 5 4 3 0 2 6 7 1
16 0 0 2 4 3 5 0 6 7 1
17 0 0 0 4 3 5 2 6 7 1
18 0 0 4 0 3 5 2 6 7 1
19 0 0 4 3 0 5 2 6 7 1
19 0 0 4 2 3 5 6 0 7 1
18 0 0 2 3 5 4 1 6 0 7
19 0 0 2 3 5 4 1 6 7 0
18 0 0 3 6 5 2 4 0 7 1
18 0 0 3 5 0 2 4 6 7 1
18 0 0 2 3 5 4 6 0 7 1
17 0 0 2 3 5 4 0 6 7 1
15 0 0 3 0 5 2 4 6 7 1
16 0 0 0 3 5 2 4 6 7 1
14 0 0 2 3 7 5 4 6 0 1
14 0 0 1 2 3 5 0 6 7 4
13 0 0 1 2 3 0 4 6 7 5
13 0 0 1 2 3 5 4 6 0 7
14 0 0 1 2 3 5 4 6 7 0
13 0 0 2 6 3 5 4 0 7 1
13 0 0 5 2 3 0 4 6 7 1
12 0 0 4 2 3 5 0 6 7 1
13 0 0 0 2 3 5 4 6 7 1
14 0 0 2 0 3 5 4 6 7 1
15 0 0 2 3 0 5 4 6 7 1
12 0 0 2 3 5 0 4 6 7 1
12 0 0 2 3 5 1 4 6 0 7
19 0 0 2 3 5 1 4 6 7 0
19 0 0 1 3 5 2 0 6 7 4
19 0 0 2 1 3 5 6 0 7 4
18 0 0 2 3 5 4 1 6 0 7
19 0 0 2 3 5 4 1 6 7 0
19 0 0 6 1 5 4 0 3 7 2
18 0 0 0 1 5 4 6 3 7 2
18 0 0 1 5 0 4 6 3 7 2
19 0 0 1 0 5 4 6 3 7 2
19 0 0 1 3 5 4 6 7 0 2
18 0 0 0 3 5 2 4 6 7 1
16 0 0 1 3 5 2 4 6 0 7
19 0 0 1 3 5 2 4 6 7 0
18 0 0 1 3 7 5 4 6 0 2
17 0 0 1 6 3 5 4 0 7 2
18 0 0 1 0 3 5 4 6 7 2
19 0 0 1 3 0 5 4 6 7 2
18 0 0 3 6 5 1 2 0 7 4
18 0 0 3 5 0 1 2 6 7 4
18 0 0 2 3 5 1 6 0 7 4
18 0 0 4 1 3 5 0 6 7 2
17 0 0 4 1 3 0 2 6 7 5
17 0 0 4 1 3 5 2 6 0 7
18 0 0 4 1 3 5 2 6 7 0
18 0 0 1 3 5 0 4 6 7 2
18 0 0 3 6 5 4 2 0 7 1
18 0 0 3 5 0 4 2 6 7 1
18 0 0 2 3 5 4 6 0 7 1
18 0 0 4 3 5 0 1 6 7 2
17 0 0 4 3 5 1 0 6 7 2
16 0 0 4 3 5 0 2 6 7 1
16 0 0 4 3 5 1 2 6 0 7
17 0 0 4 3 5 1 2 6 7 0
17 0 0 3 0 5 4 1 6 7 2
16 0 0 0 3 5 4 1 6 7 2
16 0 0 1 3 5 4 6 0 7 2
16 0 0 4 3 5 0 2 6 7 1
15 0 0 2 3 5 4 0 6 7 1
15 0 0 3 0 5 4 2 6 7 1
12 0 0 0 3 5 4 2 6 7 1
11 0 0 1 3 5 4 0 6 7 2
10 0 0 1 3 5 4 2 6 0 7
17 0 0 1 3 5 4 2 6 7 0
17 0 0 5 1 3 0 2 6 7 4
16 0 0 1 3 7 5 2 6 0 4
16 0 0 2 1 3 5 0 6 7 4
15 0 0 1 6 3 5 2 0 7 4
15 0 0 0 1 3 5 2 6 7 4
16 0 0 1 0 3 5 2 6 7 4
17 0 0 1 3 0 5 2 6 7 4
16 0 0 1 3 5 0 2 6 7 4
15 0 0 2 3 5 1 0 6 7 4
15 0 0 3 0 5 1 2 6 7 4
0 0 0 0 3 5 1 2 6 7 4
