20 0 0 1 2 3 4 5 6 7 0
18 0 0 5 2 3 4 0 6 7 1
18 0 0 2 0 3 4 5 6 7 1
23 0 0 0 2 3 4 5 6 7 1
23 0 0 0 2 3 1 5 6 7 4
22 0 0 3 1 4 2 0 6 7 5
21 0 0 3 1 4 0 5 6 7 2
21 0 0 3 1 4 2 5 6 0 7
22 0 0 3 1 4 2 5 6 7 0
22 0 0 4 2 3 1 0 6 7 5
21 0 0 4 2 3 1 5 6 0 7
22 0 0 4 2 3 1 5 6 7 0
21 0 0 1 4 2 5 0 6 7 3
21 0 0 2 1 4 0 5 6 7 3
21 0 0 4 2 7 3 5 6 0 1
21 0 0 4 2 3 0 5 6 7 1
21 0 0 5 4 2 1 0 6 7 3
21 0 0 4 0 2 1 5 6 7 3
20 0 0 0 4 2 1 5 6 7 3
20 0 0 4 6 2 3 5 0 7 1
20 0 0 4 2 0 3 5 6 7 1
20 0 0 1 4 7 2 5 6 0 3
20 0 0 5 1 4 2 0 6 7 3
19 0 0 1 6 4 2 5 0 7 3
19 0 0 0 1 4 2 5 6 7 3
20 0 0 1 0 4 2 5 6 7 3
19 0 0 1 4 0 2 5 6 7 3
18 0 0 3 4 2 0 5 6 7 1
17 0 0 5 4 2 3 0 6 7 1
17 0 0 4 0 2 3 5 6 7 1
14 0 0 0 4 2 3 5 6 7 1
13 0 0 1 4 2 3 0 6 7 5
12 0 0 1 4 2 0 5 6 7 3
25 0 0 1 4 2 3 5 6 7 0
24 0 0 1 4 2 3 5 6 0 7
24 0 0 1 4 3 0 5 6 2 7
22 0 0 7 1 4 3 0 6 2 5
21 0 0 7 1 4 0 5 6 2 3
21 0 0 7 1 4 3 5 6 0 2
22 0 0 7 1 4 3 5 6 2 0
21 0 0 3 1 4 0 5 6 2 7
21 0 0 1 6 4 3 5 0 2 7
21 0 0 1 4 0 3 5 6 2 7
20 0 0 1 0 4 3 5 6 2 7
27 0 0 0 1 4 3 5 6 2 7
28 0 0 5 1 4 3 0 6 2 7
28 0 0 5 1 4 3 6 2 0 7
27 0 0 5 1 4 3 6 0 2 7
27 0 0 3 5 4 0 6 1 2 7
26 0 0 6 5 4 3 0 1 2 7
27 0 0 0 5 4 3 6 1 2 7
27 0 0 5 4 0 3 6 1 2 7
0 0 0 5 0 4 3 6 1 2 7
